-3.785033301099893777e-02 -1.693161574357577859e-01 4.873495962263956621e-02 3.570933970036453686e-02 -1.460887562184132876e-02 -4.365149641236418243e-02 -5.026927716543616587e-02 -1.832657791945992501e-02 -1.384541616120957188e-03 5.768136445814421587e-02 7.292258820062333391e-02 6.869690585162262220e-02 -1.167417179388825083e-01 -1.126130663051658556e-02 8.478066216401543287e-02 -8.785984514037205317e-02 9.302998641105042488e-02 8.530975123614550903e-02 -3.223697150640059128e-02 1.819262430069048808e-01 -9.891985841683327563e-02 2.526112944919406189e+00 7.853981633974482790e-01
1.784350218413293665e-01 1.876347335568380736e-01 -1.705701233980873310e-01 -1.030199234676719283e-01 8.254787524891844808e-03 1.373745431208754642e-01 -8.762513843787676782e-02 1.015379437181315736e-02 1.312013048903535040e-01 1.490658754648215567e-01 1.081062776351311011e-01 9.611795129567208759e-03 1.060040566595702241e-02 4.837980744688999413e-02 5.770722956193696795e-02 1.524178307108640766e-02 1.286648523961059498e-01 -1.849689739414792644e-01 -5.188273265479731444e-02 -6.385943578505604359e-03 4.794650055183286019e-02 2.526112944919406189e+00 7.853981633974482790e-01
3.156846502508571517e-02 -6.356443574405784558e-02 5.710438468813111568e-02 1.140635385200116092e-01 -1.805473079729617847e-01 -2.774516392696881398e-02 -2.963733425120643888e-02 3.310375145634127970e-03 2.846071082413681452e-02 9.590909330005403799e-02 -2.539444626278032982e-03 -8.603474482377204691e-02 1.067573530103235468e-01 -1.116819139372228140e-02 -1.657927116166891743e-02 -3.718983648495220729e-02 1.477503201746297179e-01 -5.795549705591490630e-02 -1.462420688467204292e-02 -5.006586914778035635e-02 2.615032920957666152e-02 2.526112944919406189e+00 7.853981633974482790e-01
7.944163532567531660e-02 4.265056570469671210e-02 -4.020728307140677277e-02 1.981550255589766274e-01 -2.591661424976214601e-02 2.288069241221648079e-02 -3.474294914028531328e-02 -1.497366752039455962e-01 -8.402044875016573267e-02 1.343225375680689726e-01 -1.324386119216904370e-02 1.366777417554414231e-01 -1.582953694046188298e-01 -6.699814988744488831e-02 -3.582440016986181835e-02 4.113615823366267160e-02 -4.033311971514755290e-02 6.007660707095885400e-02 9.035338884875608947e-03 7.054831308294429171e-02 -6.443567895981937299e-02 2.526112944919406189e+00 7.853981633974482790e-01
-1.286568975746623933e-01 -5.621807858874060954e-02 1.785526049012096383e-01 2.275053526871111120e-02 1.137425112285765927e-01 6.819961572476661293e-02 5.609682549129603457e-02 -2.561711622154911328e-01 9.650767277288402335e-02 5.554074007295820709e-02 -3.851912695032367467e-02 -8.042838149969758210e-02 9.765462570159855193e-02 2.085843289013865620e-01 -3.244869922195244265e-03 -1.117927340379085560e-01 -2.048712253864988786e-01 -2.113089464321284972e-01 1.143963121902815266e-01 1.188640440611530256e-02 -7.860777228198737032e-02 2.526112944919406189e+00 7.853981633974482790e-01
4.760339154845806033e-03 9.914560739206723650e-02 -4.143063641003640746e-02 -1.844381780630292567e-01 8.205462239296079652e-02 -7.309620690911454444e-02 -2.618727316478682357e-02 1.111656238114251266e-01 5.230912652018016029e-02 -1.288176108023890432e-01 -3.319504295009475386e-02 -8.757078869374754215e-03 -6.868637883760300711e-02 -2.353137823249139976e-02 -4.108814795776115358e-02 -8.997915849025243940e-02 -1.036663711450112602e-01 -1.049508910038405712e-01 8.532887534594369924e-03 -6.703937322924767572e-02 -1.161807183592087900e-01 2.526112944919406189e+00 7.853981633974482790e-01
-1.327219130357434884e-02 1.521904987567779255e-01 1.824288955535591228e-01 -1.228526098051381521e-01 -4.609786505155887004e-03 1.446810169723021370e-04 5.523074795844390428e-02 9.288821079680531501e-02 -1.099535299608302430e-01 -1.369605085631797059e-01 -8.145701805118710226e-02 -6.351988636461219917e-02 -1.485964435098285213e-02 1.444342246190686574e-01 7.852240312354619167e-02 -2.896008246657848575e-02 3.159366397865586568e-02 1.796227327041096666e-01 -1.384436497001357846e-01 5.143584055877536976e-02 -2.691487555675192364e-02 2.526112944919406189e+00 7.853981633974482790e-01
1.847630033306187913e-01 3.344172791470082038e-03 1.319370931384299950e-01 -1.519216903423153409e-01 -4.896600633102485452e-03 2.361919419369952478e-02 -4.731541317873881602e-02 6.678186420865404871e-02 3.426166242828595360e-02 3.114488764108188160e-02 -1.045427271084752308e-01 -3.927496113837516262e-02 -2.007398204706971612e-01 9.953896602191071585e-02 -1.114874583657371465e-02 1.488763915610421575e-02 -3.445163517582373880e-02 -1.741851526817822168e-02 1.812795363178840713e-01 4.389499061454231292e-03 1.248768487841565300e-01 2.526112944919406189e+00 7.853981633974482790e-01
1.367617609244767968e-02 -1.486301327757948709e-01 -7.007159450967230530e-02 -1.119613158530144148e-01 -1.020721258045171331e-01 1.348623180185197223e-01 -7.812472692518328266e-02 9.335593676851000264e-03 -1.346884366716610548e-01 1.818748279975541671e-01 5.530586761657871331e-02 -3.344487488747533571e-02 6.463717301963656237e-02 -3.658042026495179986e-03 -1.356007299604901004e-04 -2.199467946077706682e-01 2.102444737155324470e-02 -1.579514721788291276e-01 2.602721148229162895e-01 1.801635326651159774e-01 -1.017113933418238025e-01 2.526112944919406189e+00 7.853981633974482790e-01
-3.436409082016704530e-02 -1.595908007891067362e-02 3.608719444590977130e-03 4.259892624501898650e-02 6.675800180726221278e-02 -7.670439390493444254e-02 5.665160496814654334e-02 4.454167007172795539e-02 -6.680016907972147200e-02 5.597211659922899513e-02 1.794925741449629464e-02 3.995663057680004515e-02 -1.436057175176921052e-01 -6.342591184730382581e-02 -2.387348789297178211e-02 3.054101290320418438e-02 -1.590513268728448726e-01 1.938637314829711258e-02 -6.096447399519564631e-02 2.252624581195614428e-01 4.187816563765549976e-02 2.526112944919406189e+00 7.853981633974482790e-01
