-4.598622376011483361e-03 -5.697774308015025879e-03 9.301547748844897837e-03 -5.927976298375314639e-04 1.361746760193835795e-02 -6.342862120221940368e-03 6.164632770086329741e-04 1.276956173799039147e-02 -6.948869086097307114e-03 1.098078855550340890e-02 -2.130144482100091927e-02 1.075539251880913531e-02 4.683585276892339444e-03 -1.897926850417992056e-02 8.651486317631485248e-03 -1.149425280581094048e-02 1.069542394725689566e-03 -9.799863896788576362e-03 1.132694083836148372e-04 9.562223029971740271e-03 8.955161797953019309e-03 2.526112944919406189e+00 7.853981633974482790e-01
-1.428251871878427268e-02 -7.894807521788324567e-03 7.480655025082758036e-03 -3.970637190344242489e-04 9.553045982942468331e-03 -9.986995602127667418e-03 1.052477393656162281e-02 8.272331085922599719e-03 1.238975306433290520e-02 -4.325432065414168588e-03 -7.713695258263673048e-04 8.513877253286982957e-03 1.262265132687070621e-02 2.257276614161692323e-03 1.219041918180769615e-03 -1.293458281227131360e-03 -7.771875304976816291e-05 2.683749808708870300e-03 -1.122019360637025072e-02 -1.083231896450452753e-03 -4.100613843095842620e-03 2.526112944919406189e+00 7.853981633974482790e-01
-1.573953946329393824e-02 -4.228529387620054078e-03 -1.536656580458811835e-03 -4.986119398655506837e-03 2.433596338962069460e-03 7.220204450911774097e-03 5.482692554101955239e-03 -3.382893058231699508e-03 1.364619680294657314e-02 -1.356310407016087828e-02 -1.282774890564251447e-03 1.016207815233419014e-02 2.782982627095824304e-03 -2.406963882699854047e-04 8.310109976701087614e-03 -5.979626427043131798e-03 1.298576457218450497e-02 -1.162697842164847443e-02 6.071133420423766372e-03 -6.989888628236422610e-03 9.388626480841397908e-04 2.526112944919406189e+00 7.853981633974482790e-01
6.848677989729400279e-04 -4.769338276511369927e-03 8.033847612221594811e-03 -1.231184552312971844e-02 3.548099346215466323e-03 7.780805154503346761e-03 4.520945681096849231e-03 7.750348277818014039e-04 -1.884333403801656363e-03 -1.362157804672058797e-02 5.540208303512249511e-05 2.870157628955700372e-03 8.401527732473299676e-03 1.981818946334600734e-02 -1.861469919009864664e-03 5.673404096783180375e-03 1.017837534739633731e-02 -8.835936568129025559e-03 -2.430373211926953672e-02 -5.218119129432502272e-03 -2.005314913945477687e-02 2.526112944919406189e+00 7.853981633974482790e-01
-5.363000003964843790e-03 -1.122177751352146195e-02 9.670951300072696405e-03 -9.422504253506132701e-03 -1.611998628594598151e-02 -7.027465853680961091e-03 1.494620748469530254e-02 8.851024534577402181e-03 6.186093106582309098e-03 -2.041603110111906913e-02 -2.426350422820584395e-03 3.900020896676247278e-03 5.470101514835086672e-03 -1.312294146394007641e-02 1.649340544018078683e-02 3.981823035985760165e-03 -7.554761055416357382e-03 4.110986092415139410e-03 1.404968908993936214e-02 8.651982231164950798e-03 -9.631746622438482758e-03 2.526112944919406189e+00 7.853981633974482790e-01
-1.289312245513494180e-02 2.446970785774766483e-02 8.103757839429258369e-03 3.977005055030020941e-03 1.452950371242732810e-02 9.937135896560443660e-03 1.586761725306381696e-02 -1.378041444931151979e-02 3.230027235368612085e-03 8.144213719941086754e-03 3.781173394040925843e-03 -5.842297310198173339e-03 -1.275217110030413444e-02 -4.502439798391565107e-03 1.824990559188339589e-03 -6.641857467731331240e-03 7.810037849769848814e-03 -1.575845563185880940e-02 -6.212361900336970354e-03 7.904733427054123560e-03 2.226377854834011579e-05 2.526112944919406189e+00 7.853981633974482790e-01
3.274713212785780592e-03 1.482868775903167617e-02 3.454048617487754866e-03 6.270733440998130064e-04 2.494118345366067024e-02 1.589852649186272032e-02 7.550594806233800090e-03 -9.407680032339394045e-04 -5.834572360272801718e-03 1.229620027366968953e-02 8.589953049495387821e-03 -1.121453320060198343e-02 3.127153065149171785e-03 -2.368017334024360987e-02 6.532565299652954953e-03 9.170888956568647513e-03 -1.480057173044894633e-02 1.274769617126496161e-02 7.408308894840304019e-03 -8.061676673364885810e-04 -6.118010698897400788e-04 2.526112944919406189e+00 7.853981633974482790e-01
1.550427759555952217e-02 8.899502699569891706e-03 5.512120573839091823e-04 3.945554371872250429e-03 6.072387693248870039e-03 1.045876228065691950e-02 6.043671288641694339e-03 -6.245100439941162450e-03 5.273950689932206323e-03 -5.551467143549726826e-03 -9.620596514401256322e-03 8.914111297058227579e-03 1.523569340554444679e-02 -3.130533309086086600e-03 6.168565703488129714e-03 2.004407866297365590e-03 -2.204694084471149618e-02 -1.876394894090625820e-02 -1.329157290727613419e-02 -1.318392776157965634e-03 -7.717887454290211884e-03 2.526112944919406189e+00 7.853981633974482790e-01
3.616332323583664084e-03 1.153449046560477663e-03 1.194821901338740007e-02 2.719553391091491211e-03 1.080596240574080782e-02 1.827843217431931316e-02 2.023778212809145363e-04 7.612241736025474189e-05 -1.117102032205022182e-02 -5.339223188979719606e-03 1.956366977275849489e-02 -9.342138076239380308e-04 -4.014883267645137296e-03 -1.222126109547893094e-02 1.252832754639153154e-02 -1.480209851640938191e-02 6.656134716951703483e-04 -1.014904237224135281e-02 2.361585937740932027e-03 3.938662745046538245e-03 3.997148048386071906e-03 2.526112944919406189e+00 7.853981633974482790e-01
-1.460834165216228983e-02 1.176111519733958298e-02 2.643996436997842012e-03 -2.304637754479996886e-02 -4.088992427861524483e-03 -3.130212855586733244e-03 -1.354357037073177991e-02 1.819060130625299240e-02 -7.596582682166677473e-03 -1.758719422633778229e-02 -2.143075463730737332e-02 -1.491093161334169220e-02 1.230305384749810944e-02 1.581996309389460242e-03 -8.808473480070878056e-04 7.604834805513774158e-03 -4.723238501270417581e-04 -5.746077168692124114e-03 -2.914908951848202597e-03 5.733232364942993792e-03 -1.093168253274064486e-02 2.526112944919406189e+00 7.853981633974482790e-01
