-2.818832215590922133e-02 1.760698987300904239e+00 -1.199954035754816406e+00 -8.634258480448964157e-01 2.325726609737551076e+00 8.225401586738185777e-01 3.096958528304508018e+00 -8.782547974185461737e-02
3.776577847281896716e-01 2.573758992534003753e-01 -1.196675773111384622e+00 -7.097195193305108063e-01 1.195048416190222840e+00 -4.906054894289734736e-01 1.761401591564141000e+00 -1.015938466897007286e-01
3.552840493463632621e-01 1.303300070108689868e+00 8.297838152338505857e-01 -6.779184060936873646e-01 -6.402511694596253466e-01 2.985592496022931863e-01 2.276681415658651453e+00 -2.040278768827175071e-01
5.885674268834367728e-01 1.004483435269482583e-01 9.401377055204601652e-02 -4.316153943166525786e-01 -1.119868686796968715e+00 7.755922155139639562e-01 3.431132239799624006e+00 -6.316707254075080158e-01
1.224526991434709888e+00 -2.614892136750242568e-01 -1.036462502481568126e+00 -1.165279225423622167e-01 -4.965298063107236870e-01 -9.787166993300575601e-01 2.878081229634921634e+00 3.001837783923538616e+00
1.534485741957052563e+00 5.142337793995953588e-01 1.525810593004799931e-01 -2.214105910364937424e-01 -6.967724624080184892e-01 -3.697854806204236011e-01 2.834271483208074205e+00 1.811102359491509439e+00
-7.847471529142793223e-01 9.731808994044160999e-01 -5.241356658928284507e-01 9.217583042887265155e-01 -8.805340851858429740e-01 -3.522150176555894352e-01 3.313026380648229186e+00 1.652826544506035944e+00
8.087945525667783464e-01 1.343286403029559928e+00 -1.112320969713689101e+00 3.411394332957578407e-02 2.463012179733028162e-01 1.357323959456656626e+00 2.791259964670239402e+00 1.072743976123403220e+00
1.201847982506867307e+00 -8.101734309636602349e-01 1.997240125046435555e+00 9.906867816005647809e-01 -1.421698885221523101e+00 1.934628295066481929e+00 4.069272626307106400e+00 1.848160619534118254e-01
4.598120476162606551e-01 1.604502185677724624e+00 -1.060687444279138747e+00 1.823762736985547139e+00 2.891779220486433988e-01 1.202308022725036701e-01 2.056683603991523501e+00 1.366417615264348795e+00
-2.510781501349861333e+00 7.865065973266580635e-01 -8.676232913666213076e-01 9.411450367177992549e-01 -5.234755791068884667e-01 1.929678704602748873e-01 2.149033619962806174e+00 -3.938428837638308089e-01
1.958982997480724908e+00 -2.936797370779159477e-01 1.445756090507568148e+00 5.335790138481592004e-01 -4.152707338497896999e-02 1.271600529024843773e+00 1.560963253994069433e+00 8.147531288215448253e-02
1.392082824788316575e+00 2.573072321034162169e-01 4.874491936289355731e-01 1.037082965104969112e+00 -1.887211325562141662e+00 -8.341552085911061454e-01 -1.631920102344697199e-01 -1.444828915185558227e+00
1.070607410396850812e+00 3.527607515030103391e-01 4.475545039361173427e-01 3.699935556928490854e+00 -1.229905685737207488e+00 -5.844778414726915505e-01 -2.126457495301345979e-01 1.542215475602030317e+00
1.311023190233255586e-01 2.802558307148324435e+00 -1.402343218470058162e+00 1.986992569447207480e+00 7.545587015106425266e-01 -1.224820297080612796e+00 1.912424027028411633e+00 -6.773642535334956083e-02
1.582596968607468679e-01 -1.208532034545635181e+00 1.950110129646781099e+00 -1.139381368086348489e+00 1.884788556139763482e+00 1.572914841310123046e+00 3.726506165218154365e+00 6.774529565678568677e-01
3.204674922001121695e-01 5.731373612400775253e-01 -1.267788423299235800e+00 7.546878471067189897e-01 -5.719745485990787026e-01 8.916379472541225218e-03 3.144032452873104511e+00 9.649321588201069666e-01
-1.343633699683715266e+00 -7.188107678860996552e-01 9.805224001747532281e-01 1.796534026879296753e-01 -1.151520611691958795e-01 -1.182225713168830739e+00 1.412273892369780182e+00 1.280743935298741532e+00
1.116659883035874934e+00 2.470272760578819029e-03 4.619886354904736980e-01 -2.288206720413533457e+00 -9.199996462564239419e-01 -7.391381920731083799e-01 2.478245054883373211e+00 1.690652658838202038e+00
2.433054529521055276e+00 -1.069024783115861243e+00 6.864113691848610088e-01 -1.856335299115048354e+00 -1.938850039959180357e-02 1.733116882105008916e+00 3.673456361654054092e+00 9.723960070733557171e-01
8.882514851927203470e-01 -6.807432207680732539e-01 -1.247271134321104480e+00 5.516872919457014302e-01 -1.005383764702416638e+00 2.676034541439882286e-01 8.799667811899010150e-01 5.794660519739768256e-01
2.546163938582467895e-02 -1.122062425063320656e+00 1.424832126118705800e+00 -1.599201182287717238e+00 -1.034693257188876059e+00 1.047957107480459005e+00 3.930382056745192809e+00 2.667425245649369669e-01
-1.390364780464521610e+00 -2.402185601901062062e-02 -9.125773835315965643e-01 7.326810482814309911e-01 1.071755862894506306e+00 6.767448364697623009e-02 1.956541821072526499e+00 1.234461629632784163e+00
-7.370802364280705232e-01 5.881787076636499911e-01 2.900327572423685440e-01 -1.465467242509787438e+00 -1.292364480416144490e+00 -2.077699868074822653e+00 1.509208220359103070e+00 5.002720523983836820e-01
7.335644837648418459e-01 -1.415520444585330218e+00 -1.028701632258701926e+00 2.610563889472743426e-01 5.902369727815959255e-01 -1.198968039328369262e+00 1.525131668467475610e+00 1.535579743718989976e-01
6.487887347162577534e-01 4.729205258653761401e-01 3.089808021931607362e-02 4.180688698357439281e-01 1.920703539783435443e-01 5.167379782917086439e-02 2.633896577983927845e+00 9.531414869641198218e-01
1.031947450035321845e+00 5.973334058642730815e-01 -1.100315621749035966e+00 -4.966076954963004053e-01 2.829424051429444975e-01 3.929650645741767367e-01 2.450681820103118191e+00 -7.188159758362144824e-01
8.609550729410421210e-01 9.473921773079883035e-01 4.215630118075831545e-01 4.568197987458429421e-01 -1.734974016428283639e+00 -6.685446305929818589e-01 3.198922334913421039e+00 -7.781470298826915766e-01
1.206024625833771680e+00 -1.047031924961105531e+00 -8.537625350936822732e-01 -1.536926069190847587e-02 -2.184388665273338109e-02 3.793087655515770540e-01 1.932089714910480982e+00 9.815316674716297873e-01
8.341465588619243476e-01 1.098955379607780891e+00 -8.661076750571490290e-01 -2.325465028664804590e-01 -1.336338653829665768e+00 2.636177700830841242e-01 2.631361762105861146e+00 -3.792686498267601181e-01
