 &FCI NORB=  10,NELEC=10,MS2=0,
  ORBSYM=1,1,1,1,1,1,1,1,1,1,
  ISYM=1,
 &END
 0.6884050175544957    1    1    1    1
 -0.01288910535621528    2    1    1    1
 0.01610255800068957    2    1    2    1
 0.347490980517635    2    2    1    1
 -0.00817752946436685    2    2    2    1
 0.6753874514397589    2    2    2    2
 -0.01190334954293415    3    1    1    1
 0.006768337903212847    3    1    2    1
 0.004709502218963644    3    1    2    2
 0.1253299191066212    3    1    3    1
 0.009147076636325368    3    2    1    1
 0.003741067645076573    3    2    2    1
 -0.02061803664823215    3    2    2    2
 -0.005334985350534807    3    2    3    1
 0.007953873365770083    3    2    3    2
 0.6352169231727675    3    3    1    1
 -0.01809839813826437    3    3    2    1
 0.3429761375841997    3    3    2    2
 -0.01658651473048085    3    3    3    1
 0.009610386904843385    3    3    3    2
 0.640088334643114    3    3    3    3
 0.006497259125212611    4    1    1    1
 -7.021253785682798e-05    4    1    2    1
 -0.008443782105164704    4    1    2    2
 0.002640353987012389    4    1    3    1
 0.002823517114634094    4    1    3    2
 0.007012147168149113    4    1    3    3
 0.06505981276257365    4    1    4    1
 0.003883985362912955    4    2    1    1
 -0.002589879118464136    4    2    2    1
 0.005551988310502411    4    2    2    2
 0.01528612169152472    4    2    3    1
 -0.003961199346553323    4    2    3    2
 0.005025507647887472    4    2    3    3
 -0.0006564187433098317    4    2    4    1
 0.0669003939586257    4    2    4    2
 0.005161741539680175    4    3    1    1
 0.004203655872188691    4    3    2    1
 -0.008575188189927462    4    3    2    2
 0.002214333155280255    4    3    3    1
 0.002314383466122877    4    3    3    2
 0.003380657752962804    4    3    3    3
 -0.0007882223976963909    4    3    4    1
 -0.004929441871394006    4    3    4    2
 0.01884360127479527    4    3    4    3
 0.4792810258768283    4    4    1    1
 -0.01152575963575406    4    4    2    1
 0.4919908874064369    4    4    2    2
 -0.001376494378569713    4    4    3    1
 -0.0082191965573784    4    4    3    2
 0.451097227069537    4    4    3    3
 0.002303816847208684    4    4    4    1
 0.002747651422897183    4    4    4    2
 -0.002411384330839925    4    4    4    3
 0.486980831705885    4    4    4    4
 0.0433582984102217    5    1    1    1
 0.01965575020126698    5    1    2    1
 -0.07335387868669239    5    1    2    2
 0.007042676724183807    5    1    3    1
 0.006168047384465096    5    1    3    2
 0.02249622947094016    5    1    3    3
 -0.00542441778072502    5    1    4    1
 -0.0008404481760448873    5    1    4    2
 0.007265663061103688    5    1    4    3
 -0.02140095434369587    5    1    4    4
 0.05980425821613885    5    1    5    1
 0.07894634231328089    5    2    1    1
 -0.02238889674137082    5    2    2    1
 -0.03266129247311109    5    2    2    2
 -0.001668428280914393    5    2    3    1
 -0.005757875040726787    5    2    3    2
 0.07054484301991991    5    2    3    3
 -0.007600996230330256    5    2    4    1
 0.008739499488118049    5    2    4    2
 -0.003894427046434603    5    2    4    3
 0.01873986364432009    5    2    4    4
 0.00696457286016893    5    2    5    1
 0.113245319938376    5    2    5    2
 0.02318892112432125    5    3    1    1
 0.0004633553539038439    5    3    2    1
 -0.02471623568778741    5    3    2    2
 0.004834834091045235    5    3    3    1
 0.00778933295957267    5    3    3    2
 0.02320735068108066    5    3    3    3
 0.00464326127222018    5    3    4    1
 -0.006667264818563804    5    3    4    2
 0.0001134764760757974    5    3    4    3
 -0.002137837495114553    5    3    4    4
 0.008837585892484283    5    3    5    1
 0.00357279215429915    5    3    5    2
 0.01635804972147486    5    3    5    3
 -0.01845888766879435    5    4    1    1
 -0.001413296867764059    5    4    2    1
 0.02131162897059036    5    4    2    2
 0.006156186026425101    5    4    3    1
 -0.004530793933465465    5    4    3    2
 -0.01435760048880877    5    4    3    3
 -0.0009615325340881795    5    4    4    1
 -0.004416897620644879    5    4    4    2
 -0.001841802420426721    5    4    4    3
 0.00315722787576515    5    4    4    4
 -0.01062013726903969    5    4    5    1
 -0.0004393149746314574    5    4    5    2
 -0.003619110514707095    5    4    5    3
 0.02224685564630939    5    4    5    4
 0.4353805784419061    5    5    1    1
 -0.009690332882574971    5    5    2    1
 0.567678750829147    5    5    2    2
 0.002038298419249785    5    5    3    1
 -0.01102066313157726    5    5    3    2
 0.4112737217354886    5    5    3    3
 -0.01136953914530074    5    5    4    1
 0.003556670945684219    5    5    4    2
 -0.004658680839433329    5    5    4    3
 0.4682514708369765    5    5    4    4
 -0.04249238244396764    5    5    5    1
 -0.01385335100432519    5    5    5    2
 -0.01113947952344224    5    5    5    3
 0.01121013682435791    5    5    5    4
 0.5498437639260179    5    5    5    5
 0.004448853570610056    6    1    1    1
 0.0003200295769626907    6    1    2    1
 -0.001434687809573411    6    1    2    2
 0.001472499349622009    6    1    3    1
 0.001575611688544315    6    1    3    2
 0.003043863413550179    6    1    3    3
 -0.06204230894706405    6    1    4    1
 0.004167709779653425    6    1    4    2
 0.002423855590522975    6    1    4    3
 -0.003548268920353025    6    1    4    4
 0.009573363245095917    6    1    5    1
 0.01108306317774377    6    1    5    2
 0.001189568194649334    6    1    5    3
 -0.004511567970194519    6    1    5    4
 0.00800071157006782    6    1    5    5
 0.06506004602676235    6    1    6    1
 0.002732448086678128    6    2    1    1
 -0.000466980076897273    6    2    2    1
 0.0006906245431492953    6    2    2    2
 0.01471094321022116    6    2    3    1
 -0.002308281884592885    6    2    3    2
 0.003614264835706767    6    2    3    3
 0.006108509088578374    6    2    4    1
 0.06055920121276959    6    2    4    2
 -0.005905521805800806    6    2    4    3
 -0.0001083772095304814    6    2    4    4
 0.00197295262392806    6    2    5    1
 -0.00917351242429648    6    2    5    2
 -0.004164581691610171    6    2    5    3
 -0.01123618189477346    6    2    5    4
 -0.001452949388067197    6    2    5    5
 -0.003073522080687423    6    2    6    1
 0.06603526906603971    6    2    6    2
 0.0022187839872224    6    3    1    1
 0.003706472799877805    6    3    2    1
 -0.004435875063698257    6    3    2    2
 -0.0002505686066844895    6    3    3    1
 0.002100184229029317    6    3    3    2
 0.000650335489714387    6    3    3    3
 0.002491942956112011    6    3    4    1
 -0.006097615437031073    6    3    4    2
 -0.01349192195805961    6    3    4    3
 -0.002638329647478128    6    3    4    4
 0.005165004513616302    6    3    5    1
 -0.002797002387721512    6    3    5    2
 0.003244335371743191    6    3    5    3
 -0.001616179427320546    6    3    5    4
 -0.001990282823294821    6    3    5    5
 -0.001634115023368161    6    3    6    1
 -0.004105702472056855    6    3    6    2
 0.01832608495099443    6    3    6    3
 -0.1609163445894011    6    4    1    1
 0.006544084590937376    6    4    2    1
 0.1511441013813218    6    4    2    2
 0.006919325115039602    6    4    3    1
 -0.01440953485132392    6    4    3    2
 -0.1304915397363528    6    4    3    3
 -0.009303067499889987    6    4    4    1
 -0.002163916202377077    6    4    4    2
 -0.005221263061009048    6    4    4    3
 0.003730937180803721    6    4    4    4
 -0.04373182637176862    6    4    5    1
 -0.05313422564768629    6    4    5    2
 -0.02102295704158647    6    4    5    3
 0.01948677888617265    6    4    5    4
 0.05481687368110633    6    4    5    5
 -0.001598348324333372    6    4    6    1
 -0.004060301771532717    6    4    6    2
 -0.002337068262009771    6    4    6    3
 0.1725673040732967    6    4    6    4
 0.02146597128068701    6    5    1    1
 0.002699766419111671    6    5    2    1
 -0.02247014337220337    6    5    2    2
 0.004375298293993605    6    5    3    1
 0.0008949647457566833    6    5    3    2
 0.01643518137487049    6    5    3    3
 -0.00324394734128063    6    5    4    1
 -0.01067340694562579    6    5    4    2
 -0.001005431533400876    6    5    4    3
 0.001909618186021259    6    5    4    4
 0.01161796613830183    6    5    5    1
 -0.0004913376497228836    6    5    5    2
 0.00378345080041269    6    5    5    3
 0.003633605106752855    6    5    5    4
 -0.01034361782154687    6    5    5    5
 -4.866505065458999e-05    6    5    6    1
 -0.003070591913590733    6    5    6    2
 0.002274300559648947    6    5    6    3
 -0.02037430846602388    6    5    6    4
 0.02293103130687268    6    5    6    5
 0.4795436391395239    6    6    1    1
 -0.01269116390492973    6    6    2    1
 0.4882703240877593    6    6    2    2
 -0.003280434779904304    6    6    3    1
 -0.007740145118799429    6    6    3    2
 0.4514687953627862    6    6    3    3
 -0.001471411096751194    6    6    4    1
 0.001054635894568291    6    6    4    2
 -0.002641835444428239    6    6    4    3
 0.4832511729217048    6    6    4    4
 -0.02131763789184928    6    6    5    1
 0.02061448610164295    6    6    5    2
 -0.0008434044868717889    6    6    5    3
 -0.001464924110690718    6    6    5    4
 0.4667367800890926    6    6    5    5
 0.001195610218485159    6    6    6    1
 -0.001673906013465156    6    6    6    2
 -0.002232311277470225    6    6    6    3
 0.001392888736013167    6    6    6    4
 -0.001845293631197999    6    6    6    5
 0.4839731617665047    6    6    6    6
 0.03191143998764417    7    1    1    1
 0.01768761005342773    7    1    2    1
 -0.06073957060944971    7    1    2    2
 0.003683101203196529    7    1    3    1
 0.004871934616625967    7    1    3    2
 0.01415676532881359    7    1    3    3
 0.00882519581364447    7    1    4    1
 0.0004965133231263619    7    1    4    2
 0.005923604000659511    7    1    4    3
 -0.01863917106187375    7    1    4    4
 0.04748867345273278    7    1    5    1
 -0.0007084194245987789    7    1    5    2
 0.006027506348446069    7    1    5    3
 -0.004540110135885893    7    1    5    4
 -0.03092066944252421    7    1    5    5
 -0.00564705497166475    7    1    6    1
 3.878656763278597e-05    7    1    6    2
 0.004899798245782639    7    1    6    3
 -0.03417847845309954    7    1    6    4
 0.00611431235914675    7    1    6    5
 -0.01989633303717411    7    1    6    6
 0.04524830411992881    7    1    7    1
 0.06906935635849507    7    2    1    1
 -0.01838192051977793    7    2    2    1
 -0.03077462955578061    7    2    2    2
 -0.004243437335008363    7    2    3    1
 -0.002470939251259779    7    2    3    2
 0.0616610660694978    7    2    3    3
 0.01253668125348871    7    2    4    1
 -0.006944059807471549    7    2    4    2
 -0.001810012478562763    7    2    4    3
 0.01561028463572295    7    2    4    4
 -1.073687190781158e-05    7    2    5    1
 -0.009634513035782768    7    2    5    2
 0.01184624624501355    7    2    5    3
 -0.006230151839441599    7    2    5    4
 0.01614988740557327    7    2    5    5
 -0.009809318407425641    7    2    6    1
 0.00659340549893742    7    2    6    2
 -0.004044379880860863    7    2    6    3
 -0.04612640012424017    7    2    6    4
 0.007538036624978129    7    2    6    5
 0.01787624689206791    7    2    6    6
 0.003169797535903389    7    2    7    1
 0.1165764099773551    7    2    7    2
 0.01376556318491887    7    3    1    1
 -0.0002561180322205255    7    3    2    1
 -0.01585555575012207    7    3    2    2
 0.002377235581005529    7    3    3    1
 0.005981414377612479    7    3    3    2
 0.01400367214705609    7    3    3    3
 0.001661982582769699    7    3    4    1
 -0.004140419669999612    7    3    4    2
 0.002662105598331712    7    3    4    3
 -0.0009343312176876177    7    3    4    4
 0.004613606476517916    7    3    5    1
 0.00987814108430617    7    3    5    2
 0.01132214790545732    7    3    5    3
 -0.001080858879975661    7    3    5    4
 -0.005111434490194325    7    3    5    5
 0.003119827674551086    7    3    6    1
 -0.005997481231189001    7    3    6    2
 -0.0005676160529706186    7    3    6    3
 -0.01330424551948222    7    3    6    4
 0.0009843922608511219    7    3    6    5
 -0.001401298449625134    7    3    6    6
 0.003723307524729315    7    3    7    1
 0.0001327770746999496    7    3    7    2
 0.01176179491145388    7    3    7    3
 0.0170197990972017    7    4    1    1
 0.002691268089302381    7    4    2    1
 -0.01606231338670897    7    4    2    2
 0.004366072253976845    7    4    3    1
 0.0005157688860922041    7    4    3    2
 0.01208450674214556    7    4    3    3
 0.001309267705294486    7    4    4    1
 -0.00462064256147339    7    4    4    2
 0.00283951028734305    7    4    4    3
 -0.0005016227254146294    7    4    4    4
 0.007105887463549795    7    4    5    1
 0.004398301324820502    7    4    5    2
 0.001851360567147478    7    4    5    3
 -0.0007640086155868059    7    4    5    4
 -0.007762003393284265    7    4    5    5
 -0.003359060729612413    7    4    6    1
 -0.009022961713636077    7    4    6    2
 -0.0009018662231326905    7    4    6    3
 -0.015328738988309    7    4    6    4
 -0.005075647600763167    7    4    6    5
 0.00192336918080239    7    4    6    6
 0.008261885196313073    7    4    7    1
 -0.002073379061329712    7    4    7    2
 0.001349596149951232    7    4    7    3
 0.02124516893617289    7    4    7    4
 0.1008929631777832    7    5    1    1
 -0.005468693074880553    7    5    2    1
 -0.05864881562478504    7    5    2    2
 -0.002868249252307999    7    5    3    1
 0.008752012658754039    7    5    3    2
 0.08351064763369641    7    5    3    3
 0.004492179830540968    7    5    4    1
 0.0007711327948284506    7    5    4    2
 0.002480245522693592    7    5    4    3
 0.01121571149741324    7    5    4    4
 0.01976201227472358    7    5    5    1
 0.03220266742206158    7    5    5    2
 0.01124568971279476    7    5    5    3
 -0.01020973912171327    7    5    5    4
 -0.01801256075387702    7    5    5    5
 0.000502984463147714    7    5    6    1
 0.002226521615255533    7    5    6    2
 0.00062631811536151    7    5    6    3
 -0.07046463749470705    7    5    6    4
 0.01091567149974305    7    5    6    5
 0.01196795625410534    7    5    6    6
 0.01334115941979596    7    5    7    1
 0.02542811939827974    7    5    7    2
 0.006257830163439709    7    5    7    3
 0.008869393922906211    7    5    7    4
 0.06583101963431427    7    5    7    5
 -0.01491774865398538    7    6    1    1
 -0.001766352810124999    7    6    2    1
 0.01435624001097929    7    6    2    2
 0.004843798981108229    7    6    3    1
 -0.003784687067512069    7    6    3    2
 -0.01165694811793787    7    6    3    3
 -0.003533112484083399    7    6    4    1
 -0.008402338315592181    7    6    4    2
 -0.001277701184261636    7    6    4    3
 -0.001623303466038814    7    6    4    4
 -0.005517063665840166    7    6    5    1
 -0.003057720722518985    7    6    5    2
 -0.00183637646322034    7    6    5    3
 -0.00554512867807085    7    6    5    4
 0.007469496182137586    7    6    5    5
 -0.001034075163148702    7    6    6    1
 -0.002984258351115681    7    6    6    2
 -0.001655944234632945    7    6    6    3
 0.01385010777720988    7    6    6    4
 -0.000710893504269687    7    6    6    5
 0.001705653063850513    7    6    6    6
 -0.008000198895713418    7    6    7    1
 0.001195637847064405    7    6    7    2
 -0.001880560440939706    7    6    7    3
 0.00662320965336648    7    6    7    4
 -0.008141817098096733    7    6    7    5
 0.02040469982114708    7    6    7    6
 0.4120570417122885    7    7    1    1
 -0.01067560124049422    7    7    2    1
 0.5830248707294446    7    7    2    2
 0.0002093768529031028    7    7    3    1
 -0.0134397528289117    7    7    3    2
 0.3930641392978195    7    7    3    3
 0.003031812680169044    7    7    4    1
 0.001662395263152019    7    7    4    2
 -0.005628107401755473    7    7    4    3
 0.4672878849851928    7    7    4    4
 -0.04402231899001072    7    7    5    1
 0.00789283129887256    7    7    5    2
 -0.01148462585524862    7    7    5    3
 0.01268770859516965    7    7    5    4
 0.5137488939652558    7    7    5    5
 -0.007819475633112841    7    7    6    1
 0.0002127673440171954    7    7    6    2
 -0.002676926090067638    7    7    6    3
 0.07097102658491691    7    7    6    4
 -0.01252568558149121    7    7    6    5
 0.4642935366147378    7    7    6    6
 -0.04240628896019655    7    7    7    1
 -0.01874836309610772    7    7    7    2
 -0.009059306762726422    7    7    7    3
 -0.009663271611452083    7    7    7    4
 -0.02792969335309103    7    7    7    5
 0.009508583505781543    7    7    7    6
 0.5622100603001715    7    7    7    7
 -0.02465932532833422    8    1    1    1
 0.02027831343061967    8    1    2    1
 0.00800008045882418    8    1    2    2
 -0.01221729728185613    8    1    3    1
 -0.0003539096137246753    8    1    3    2
 -0.04274480844589187    8    1    3    3
 0.001857139072704671    8    1    4    1
 -0.00313518913802544    8    1    4    2
 0.003135373740508094    8    1    4    3
 -0.01778814182452649    8    1    4    4
 0.03523899452278473    8    1    5    1
 -0.01692520185050963    8    1    5    2
 -0.004385441080803973    8    1    5    3
 0.001007873633793492    8    1    5    4
 5.319724522656281e-05    8    1    5    5
 -0.003427719487049063    8    1    6    1
 -0.002744861932673993    8    1    6    2
 0.00386302401830343    8    1    6    3
 0.02755961964121817    8    1    6    4
 -0.001534281204666752    8    1    6    5
 -0.01923061153786807    8    1    6    6
 0.03384278901045351    8    1    7    1
 -0.01478950819296776    8    1    7    2
 -0.003259999323851778    8    1    7    3
 0.0007599992057512053    8    1    7    4
 -0.008972016424934379    8    1    7    5
 -0.001356583014571405    8    1    7    6
 0.0006742358057625483    8    1    7    7
 0.06111383769984805    8    1    8    1
 0.01527699558754213    8    2    1    1
 0.01739849956498662    8    2    2    1
 -0.04052664350847412    8    2    2    2
 -0.0008581416246474899    8    2    3    1
 0.01557073755100655    8    2    3    2
 0.008015668755635984    8    2    3    3
 0.001509025249892996    8    2    4    1
 -0.002958919185873668    8    2    4    2
 0.005598490879603435    8    2    4    3
 -0.02012463404034029    8    2    4    4
 0.0128112479725307    8    2    5    1
 -0.03453920791707348    8    2    5    2
 0.004542077209545605    8    2    5    3
 -0.005553919071672616    8    2    5    4
 -0.02087551393275626    8    2    5    5
 -0.0002310899150288745    8    2    6    1
 0.002351153057994632    8    2    6    2
 0.004364712113679164    8    2    6    3
 -0.02970619640452781    8    2    6    4
 0.008296218195287553    8    2    6    5
 -0.02125433971764862    8    2    6    6
 0.0104086403827782    8    2    7    1
 -0.03224866649255494    8    2    7    2
 0.002354756896826244    8    2    7    3
 0.007667527082369759    8    2    7    4
 0.02375757551142065    8    2    7    5
 -0.005337113291697163    8    2    7    6
 -0.0277057191647612    8    2    7    7
 -0.001769924978707514    8    2    8    1
 0.07254978735973042    8    2    8    2
 -0.0228295913266826    8    3    1    1
 -0.001878880919497887    8    3    2    1
 0.04524804649193989    8    3    2    2
 -0.02729844532589233    8    3    3    1
 0.001729339735346214    8    3    3    2
 -0.02359775703101622    8    3    3    3
 -0.0007162988529513026    8    3    4    1
 -0.001793176889763524    8    3    4    2
 -0.001501852950347726    8    3    4    3
 0.01061310686295568    8    3    4    4
 -0.01318364982550301    8    3    5    1
 -0.006502438008901016    8    3    5    2
 0.004023283711793929    8    3    5    3
 0.002817254364367375    8    3    5    4
 0.02695638309492536    8    3    5    5
 0.0009615656017439504    8    3    6    1
 -0.002766718954626462    8    3    6    2
 -0.001287545002100382    8    3    6    3
 0.0300977296688954    8    3    6    4
 -0.006107424791880987    8    3    6    5
 0.01051598300276162    8    3    6    6
 -0.01015829758466991    8    3    7    1
 -0.005691219840698961    8    3    7    2
 0.005972111931857699    8    3    7    3
 -0.004277901082517761    8    3    7    4
 -0.01221009186202975    8    3    7    5
 0.001604588975821949    8    3    7    6
 0.02980857704362595    8    3    7    7
 0.01068932101798014    8    3    8    1
 -0.009849679451369048    8    3    8    2
 0.03167420477754921    8    3    8    3
 0.005163225319961846    8    4    1    1
 -0.0001984422697805303    8    4    2    1
 -0.01131305916859526    8    4    2    2
 -0.003850177824602161    8    4    3    1
 0.003177751482863104    8    4    3    2
 0.003238710909335974    8    4    3    3
 -0.01265960180652661    8    4    4    1
 -0.01170765126210386    8    4    4    2
 0.001820031287697096    8    4    4    3
 -0.00384763039825138    8    4    4    4
 0.003796060690525953    8    4    5    1
 0.003445719940656847    8    4    5    2
 0.003319152366385116    8    4    5    3
 5.0332314315398e-05    8    4    5    4
 -0.005746357105529038    8    4    5    5
 0.01726962413667291    8    4    6    1
 -0.01750336031720639    8    4    6    2
 0.004033895461833283    8    4    6    3
 -0.006737510381401105    8    4    6    4
 -0.008227287888182187    8    4    6    5
 -0.000961496566864596    8    4    6    6
 0.001896871688489294    8    4    7    1
 0.00387863380125305    8    4    7    2
 0.002344930257225779    8    4    7    3
 0.001017785745027541    8    4    7    4
 0.002521903910300217    8    4    7    5
 -0.009816997758243233    8    4    7    6
 -0.007006327937162508    8    4    7    7
 -0.001206777737398291    8    4    8    1
 -0.0009554078954175609    8    4    8    2
 -0.001070300009850686    8    4    8    3
 0.02528691469823158    8    4    8    4
 0.1184084478784799    8    5    1    1
 -0.005400223373751315    8    5    2    1
 -0.10751882681805    8    5    2    2
 -0.00663922224672849    8    5    3    1
 0.009017848621033565    8    5    3    2
 0.09729724749206145    8    5    3    3
 0.009112648264420618    8    5    4    1
 -0.0005774715025068925    8    5    4    2
 0.003778950494605413    8    5    4    3
 -0.0001180112365405355    8    5    4    4
 0.03498244752858225    8    5    5    1
 0.03032887292895876    8    5    5    2
 0.01957168227488482    8    5    5    3
 -0.01528311700343703    8    5    5    4
 -0.04469597826526831    8    5    5    5
 -0.003013748858758298    8    5    6    1
 0.007134381361940298    8    5    6    2
 0.0003998890052458469    8    5    6    3
 -0.1007169644622837    8    5    6    4
 0.01611172165062521    8    5    6    5
 0.00110278703764808    8    5    6    6
 0.02458026196931129    8    5    7    1
 0.05205579834473052    8    5    7    2
 0.008467244411892984    8    5    7    3
 0.007882911246434719    8    5    7    4
 0.05365387673146046    8    5    7    5
 -0.007191726823001655    8    5    7    6
 -0.04163796292917964    8    5    7    7
 -0.02004733996317302    8    5    8    1
 0.01887309892424157    8    5    8    2
 -0.02433216170289031    8    5    8    3
 0.005053482216566985    8    5    8    4
 0.1057427316252432    8    5    8    5
 -0.007278539539998683    8    6    1    1
 -0.0008374009583595717    8    6    2    1
 0.003926673113983682    8    6    2    2
 -0.002698914671482919    8    6    3    1
 0.001685801105909893    8    6    3    2
 -0.005635995568127638    8    6    3    3
 0.01634464968734464    8    6    4    1
 -0.0169975358708065    8    6    4    2
 0.003720328402447388    8    6    4    3
 -0.0009312802665801771    8    6    4    4
 -0.003682375753005411    8    6    5    1
 0.0011520106705119    8    6    5    2
 0.0006764069322760538    8    6    5    3
 -0.008199939626908003    8    6    5    4
 0.001264430363050433    8    6    5    5
 -0.01312095918314236    8    6    6    1
 -0.0119060617214308    8    6    6    2
 0.001188022724081477    8    6    6    3
 0.005676625296347103    8    6    6    4
 -0.0004454135629575297    8    6    6    5
 -0.0001226401183834078    8    6    6    6
 -0.0017663993890688    8    6    7    1
 0.0001307542647626085    8    6    7    2
 0.001410208771732279    8    6    7    3
 -0.009042824268732302    8    6    7    4
 -0.002074881830803135    8    6    7    5
 0.001738251604325047    8    6    7    6
 0.002664607694202778    8    6    7    7
 0.001135460940886215    8    6    8    1
 -0.004128577451536218    8    6    8    2
 0.001828029365320441    8    6    8    3
 0.0006532704980037847    8    6    8    4
 -0.003843411403842416    8    6    8    5
 0.02478588117716567    8    6    8    6
 0.1119109903473972    8    7    1    1
 -0.005378475689403379    8    7    2    1
 -0.09711757095450779    8    7    2    2
 -0.0044577826400582    8    7    3    1
 0.007409518762857416    8    7    3    2
 0.09245241140257633    8    7    3    3
 0.001399629815437816    8    7    4    1
 0.006366847016752354    8    7    4    2
 0.002624617638465862    8    7    4    3
 0.001984248701336196    8    7    4    4
 0.02890420490036884    8    7    5    1
 0.05332605132814149    8    7    5    2
 0.01228640264182138    8    7    5    3
 -0.009183957893060403    8    7    5    4
 -0.02521812304101459    8    7    5    5
 0.004331686339966205    8    7    6    1
 -0.0004315758151467404    8    7    6    2
 0.001372819664926284    8    7    6    3
 -0.09385163180737802    8    7    6    4
 0.009753746385775896    8    7    6    5
 0.003363984656136648    8    7    6    6
 0.02574483435423661    8    7    7    1
 0.01807899898208958    8    7    7    2
 0.01288125467125609    8    7    7    3
 0.01085618095141014    8    7    7    4
 0.04863486540065363    8    7    7    5
 -0.009753510466973784    8    7    7    6
 -0.05247352126822181    8    7    7    7
 -0.01925370091684184    8    7    8    1
 0.01907031765153529    8    7    8    2
 -0.02279201954334764    8    7    8    3
 0.005018997329933164    8    7    8    4
 0.07445979778216376    8    7    8    5
 -0.004175164952071748    8    7    8    6
 0.0944126468270521    8    7    8    7
 0.5383320148325255    8    8    1    1
 -0.02288135376639401    8    8    2    1
 0.5755952879515309    8    8    2    2
 0.007311911046223882    8    8    3    1
 -0.01290403789443631    8    8    3    2
 0.5069594323541599    8    8    3    3
 -0.00284904434821502    8    8    4    1
 0.003688819876387084    8    8    4    2
 -0.00489128681130385    8    8    4    3
 0.5189912288181989    8    8    4    4
 -0.04131411963457341    8    8    5    1
 0.03488100788871102    8    8    5    2
 -0.007963918551630212    8    8    5    3
 0.007123912683987516    8    8    5    4
 0.5573986025850373    8    8    5    5
 0.001047834800397184    8    8    6    1
 -0.001307214697870475    8    8    6    2
 -0.003284390469762041    8    8    6    3
 0.01123387777961325    8    8    6    4
 -0.00420793083477527    8    8    6    5
 0.5171107413105295    8    8    6    6
 -0.0377432126078463    8    8    7    1
 0.03226664141177209    8    8    7    2
 -0.007033794379354958    8    8    7    3
 -0.001313677847007698    8    8    7    4
 0.02935398708125726    8    8    7    5
 0.002990644545138174    8    8    7    6
 0.5529137600504989    8    8    7    7
 -0.02152390305031354    8    8    8    1
 -0.0274285020734597    8    8    8    2
 0.01695145464138987    8    8    8    3
 -0.004513444668763594    8    8    8    4
 -0.007289243780936574    8    8    8    5
 -0.0003260148001622732    8    8    8    6
 -0.004027306273999881    8    8    8    7
 0.6562901495108385    8    8    8    8
 -0.04872674201874633    9    1    1    1
 -3.327534037458724e-05    9    1    2    1
 -0.02030904291714544    9    1    2    2
 0.0178849225810736    9    1    3    1
 -0.0009826820660860914    9    1    3    2
 -0.04300787861178358    9    1    3    3
 -0.007818510751717474    9    1    4    1
 -0.001525513279762329    9    1    4    2
 0.00030345743108502    9    1    4    3
 -0.030042163207719    9    1    4    4
 -0.003698546362525346    9    1    5    1
 -0.005232013738590894    9    1    5    2
 -0.0008186645772781113    9    1    5    3
 0.002093993721460132    9    1    5    4
 -0.02506512093679476    9    1    5    5
 0.007711565874421132    9    1    6    1
 -0.00153192254186207    9    1    6    2
 -0.0005707807412769189    9    1    6    3
 0.01279823833030132    9    1    6    4
 -0.0007951410422862908    9    1    6    5
 -0.02936371115166615    9    1    6    6
 -0.005182713366857259    9    1    7    1
 -0.002827874717197474    9    1    7    2
 -0.0004379744404442403    9    1    7    3
 -0.001190685726785996    9    1    7    4
 -0.007961770547580843    9    1    7    5
 0.002007926245076251    9    1    7    6
 -0.02548600384220197    9    1    7    7
 -0.004602875750351841    9    1    8    1
 -0.003044031986330139    9    1    8    2
 -0.002979027537429798    9    1    8    3
 0.001755614862197326    9    1    8    4
 -0.009515328619887818    9    1    8    5
 -0.001272127257971369    9    1    8    6
 -0.008544713168698712    9    1    8    7
 -0.036108724684417    9    1    8    8
 0.02235446260654857    9    1    9    1
 -0.01622067028158465    9    2    1    1
 -0.001287368595354939    9    2    2    1
 -0.04494436690279766    9    2    2    2
 0.0004643708116850135    9    2    3    1
 0.001067594219907241    9    2    3    2
 -0.01456941084127977    9    2    3    3
 -0.0002465405353689113    9    2    4    1
 -0.01213855183979276    9    2    4    2
 0.001342683439103577    9    2    4    3
 -0.02786790773180958    9    2    4    4
 0.004008870790014324    9    2    5    1
 -0.001760430817433952    9    2    5    2
 0.003391258498942847    9    2    5    3
 -0.0006431713205287823    9    2    5    4
 -0.03181366212501404    9    2    5    5
 -6.758745666836126e-05    9    2    6    1
 -0.01008210913223269    9    2    6    2
 0.0009857906531986354    9    2    6    3
 -0.0127268996451615    9    2    6    4
 0.003516447416303701    9    2    6    5
 -0.02687023337206651    9    2    6    6
 0.003881429741622558    9    2    7    1
 0.01572072349053747    9    2    7    2
 0.001106621704314706    9    2    7    3
 0.002025575883227243    9    2    7    4
 0.004789316709057469    9    2    7    5
 0.0004228513842329909    9    2    7    6
 -0.03732415039860355    9    2    7    7
 -0.002768888827917264    9    2    8    1
 -0.002058963277131075    9    2    8    2
 -0.003522849636109351    9    2    8    3
 0.004089489686972619    9    2    8    4
 0.01073670756820234    9    2    8    5
 0.002573113697278728    9    2    8    6
 0.005078055040887019    9    2    8    7
 -0.03574194939808388    9    2    8    8
 0.004010725875778029    9    2    9    1
 0.02083179576221733    9    2    9    2
 0.06626477883780812    9    3    1    1
 -0.001636411184477915    9    3    2    1
 0.005483507419004085    9    3    2    2
 -0.01155201881973449    9    3    3    1
 0.003078429885751819    9    3    3    2
 0.06147502864035564    9    3    3    3
 0.001683159659124411    9    3    4    1
 0.001135458226178215    9    3    4    2
 0.0002429968836739572    9    3    4    3
 0.02799136934930781    9    3    4    4
 0.005252175961943882    9    3    5    1
 0.01065123744365633    9    3    5    2
 0.004176468074162262    9    3    5    3
 -0.004086504003409592    9    3    5    4
 0.0222943822720019    9    3    5    5
 -2.070842653712531e-05    9    3    6    1
 0.001437550969200395    9    3    6    2
 0.002684855737722905    9    3    6    3
 -0.02755791869311791    9    3    6    4
 0.003892475441176919    9    3    6    5
 0.02825672936287785    9    3    6    6
 0.003852450593621968    9    3    7    1
 0.007708000149132341    9    3    7    2
 0.00210373832720573    9    3    7    3
 0.003617359068832345    9    3    7    4
 0.01688167457950297    9    3    7    5
 -0.002598440282101484    9    3    7    6
 0.01800076680048881    9    3    7    7
 -0.007119857355516896    9    3    8    1
 0.007607036422560566    9    3    8    2
 -0.002986881479696612    9    3    8    3
 -0.00036291688578019    9    3    8    4
 0.02270937776772341    9    3    8    5
 -0.002114970747374436    9    3    8    6
 0.02267803684440231    9    3    8    7
 0.04006641269017502    9    3    8    8
 -0.01366604819150239    9    3    9    1
 -0.0005033021153426861    9    3    9    2
 0.02721309097040445    9    3    9    3
 -0.03691976384122747    9    4    1    1
 0.0002309463153368544    9    4    2    1
 -0.05334015828935004    9    4    2    2
 0.0004293774485131424    9    4    3    1
 0.002060129959065991    9    4    3    2
 -0.03050785893006337    9    4    3    3
 -0.004568210405661419    9    4    4    1
 -0.005073808119093859    9    4    4    2
 0.001331218422919117    9    4    4    3
 -0.04296714222246537    9    4    4    4
 0.004751756970826493    9    4    5    1
 -0.0002538302262482465    9    4    5    2
 0.001241844227243215    9    4    5    3
 -0.0009048245467374655    9    4    5    4
 -0.04453484244426993    9    4    5    5
 0.004683043754813633    9    4    6    1
 -0.004452415317701836    9    4    6    2
 -0.001960088856373545    9    4    6    3
 -0.007860283841758036    9    4    6    4
 0.000461806154633421    9    4    6    5
 -0.04185279493492526    9    4    6    6
 0.002980257480674173    9    4    7    1
 0.0007811454416464962    9    4    7    2
 0.001844161474654557    9    4    7    3
 0.0008425499498476897    9    4    7    4
 -0.000188728535481702    9    4    7    5
 0.002090892670779902    9    4    7    6
 -0.04549329265067966    9    4    7    7
 -0.0003910387776436585    9    4    8    1
 0.00405304946583804    9    4    8    2
 -0.005011762892978031    9    4    8    3
 0.002458987806124336    9    4    8    4
 0.005249796207190583    9    4    8    5
 0.0004455511512784612    9    4    8    6
 0.00369481533628278    9    4    8    7
 -0.0575491732371894    9    4    8    8
 0.008125183857470346    9    4    9    1
 0.009874011925978816    9    4    9    2
 -0.008080812222618319    9    4    9    3
 0.02173935551011911    9    4    9    4
 -0.01262976538502032    9    5    1    1
 0.0002511282185728307    9    5    2    1
 -0.01406504305178831    9    5    2    2
 0.0005698992713283313    9    5    3    1
 0.001340163266961865    9    5    3    2
 -0.009374164815565753    9    5    3    3
 0.001000350580098911    9    5    4    1
 0.0007150348281889695    9    5    4    2
 -0.0006319797766662171    9    5    4    3
 -0.01113341127553978    9    5    4    4
 0.0006172338056364007    9    5    5    1
 -0.003844196996298596    9    5    5    2
 0.002002951310147107    9    5    5    3
 -0.003260502795032667    9    5    5    4
 -0.01448474763722832    9    5    5    5
 -1.374068127439344e-05    9    5    6    1
 0.002439053848316055    9    5    6    2
 0.0008706849688349947    9    5    6    3
 -0.001716546272399831    9    5    6    4
 -0.0009190979077996405    9    5    6    5
 -0.0105718780735078    9    5    6    6
 0.0002699621966829296    9    5    7    1
 0.002082290694438284    9    5    7    2
 0.001044178908421964    9    5    7    3
 -0.0004809282336310391    9    5    7    4
 0.001223284078731435    9    5    7    5
 0.0008417313726872957    9    5    7    6
 -0.01480716371256626    9    5    7    7
 -0.0005286839789563291    9    5    8    1
 0.001662754441149199    9    5    8    2
 0.001146565720932883    9    5    8    3
 0.0004236125087155652    9    5    8    4
 -0.001690580044426512    9    5    8    5
 0.001965383888146065    9    5    8    6
 -0.004349033009740599    9    5    8    7
 -0.01735955131094538    9    5    8    8
 0.004995275375985039    9    5    9    1
 -5.64010524417974e-05    9    5    9    2
 -0.005920579603903878    9    5    9    3
 0.002999238834387625    9    5    9    4
 0.01115684027304005    9    5    9    5
 0.02741370388374407    9    6    1    1
 -0.001428134434190655    9    6    2    1
 -0.03644377468870401    9    6    2    2
 -0.001735640651657062    9    6    3    1
 0.00381915384993183    9    6    3    2
 0.02356520782211112    9    6    3    3
 0.005697371873208398    9    6    4    1
 -0.004483349345786674    9    6    4    2
 -0.0009773919381482112    9    6    4    3
 -0.00599190706460774    9    6    4    4
 0.006861244241176139    9    6    5    1
 0.009654492281002267    9    6    5    2
 0.005305593135611034    9    6    5    3
 -0.003816898124906378    9    6    5    4
 -0.01666434090982726    9    6    5    5
 -0.004039179152402362    9    6    6    1
 -0.003739775716265961    9    6    6    2
 0.002102944725670598    9    6    6    3
 -0.03179987625831518    9    6    6    4
 0.003504995087577475    9    6    6    5
 -0.004883610861984292    9    6    6    6
 0.005862995783940509    9    6    7    1
 0.007599972509973993    9    6    7    2
 0.003065585852370701    9    6    7    3
 0.005310540813299964    9    6    7    4
 0.01466223424143713    9    6    7    5
 -0.001218886340657714    9    6    7    6
 -0.01879463866724151    9    6    7    7
 -0.007422002979826381    9    6    8    1
 0.009193912500672544    9    6    8    2
 -0.00727614879111314    9    6    8    3
 0.001953795698049879    9    6    8    4
 0.02351452068234602    9    6    8    5
 -0.0001954531649372031    9    6    8    6
 0.02183083013837628    9    6    8    7
 -0.009192756474388107    9    6    8    8
 -0.00543038224463071    9    6    9    1
 0.007344270716746338    9    6    9    2
 0.009888614673769466    9    6    9    3
 0.004201975347578624    9    6    9    4
 -0.002226025711058541    9    6    9    5
 0.01914270610085086    9    6    9    6
 -0.01215867988696182    9    7    1    1
 0.001149003157125872    9    7    2    1
 0.05448156700498282    9    7    2    2
 0.001828258218567159    9    7    3    1
 -0.003498885771161947    9    7    3    2
 -0.008229434577147461    9    7    3    3
 -0.0016225857932946    9    7    4    1
 0.002075863041362402    9    7    4    2
 3.245996344182078e-05    9    7    4    3
 0.01899809121506555    9    7    4    4
 -0.008573932611110606    9    7    5    1
 -0.003743998280959518    9    7    5    2
 -0.003683861265904976    9    7    5    3
 0.003406456358078676    9    7    5    4
 0.03082362305570035    9    7    5    5
 0.0003497973250986265    9    7    6    1
 0.0006326007493775841    9    7    6    2
 -0.0004735835515854958    9    7    6    3
 0.02953982670054429    9    7    6    4
 -0.003121612106726667    9    7    6    5
 0.0182534420946113    9    7    6    6
 -0.007678747025190344    9    7    7    1
 -0.01400890756094058    9    7    7    2
 -0.002044580907531238    9    7    7    3
 -0.005189977170306592    9    7    7    4
 -0.0151948927518233    9    7    7    5
 0.001076167425621366    9    7    7    6
 0.03968702656963533    9    7    7    7
 0.006142740937575311    9    7    8    1
 -0.00943851827139117    9    7    8    2
 0.01039539341141546    9    7    8    3
 -0.002568485970505268    9    7    8    4
 -0.02676273868560245    9    7    8    5
 0.002826683261118753    9    7    8    6
 -0.02521584629882649    9    7    8    7
 0.02988208699599869    9    7    8    8
 0.004046999188751119    9    7    9    1
 -0.01296660817480271    9    7    9    2
 -0.008517153705985651    9    7    9    3
 -0.009216400475824246    9    7    9    4
 0.003013352906907537    9    7    9    5
 -0.01528120784975078    9    7    9    6
 0.02980796248857969    9    7    9    7
 -0.05207367379068045    9    8    1    1
 -0.0004505547672091034    9    8    2    1
 -0.04717041560361972    9    8    2    2
 -0.003378630680999264    9    8    3    1
 0.001105215550838626    9    8    3    2
 -0.04302143637354018    9    8    3    3
 0.001461948506742343    9    8    4    1
 0.00266162230389333    9    8    4    2
 -0.001594021847119118    9    8    4    3
 -0.04102964403384541    9    8    4    4
 9.325068002008029e-05    9    8    5    1
 -0.0002082592156064635    9    8    5    2
 0.001972375220737555    9    8    5    3
 0.0005625938993636531    9    8    5    4
 -0.04611938513661133    9    8    5    5
 -0.002358920864274888    9    8    6    1
 0.003108309501972517    9    8    6    2
 -0.001300936956329463    9    8    6    3
 0.002409997793580311    9    8    6    4
 0.001670340661484284    9    8    6    5
 -0.04117015812535716    9    8    6    6
 0.001282141356103267    9    8    7    1
 -0.004994842476438438    9    8    7    2
 0.003505296598147075    9    8    7    3
 -0.001153882872719308    9    8    7    4
 -0.00836819568670337    9    8    7    5
 0.002664798126929466    9    8    7    6
 -0.04858745753469686    9    8    7    7
 -0.001400968841728443    9    8    8    1
 -0.002789312674611944    9    8    8    2
 0.001848427694844466    9    8    8    3
 -0.005501083757789088    9    8    8    4
 -0.004178350952168245    9    8    8    5
 -0.0004312232168383252    9    8    8    6
 0.0006592494362005784    9    8    8    7
 -0.07027741714610791    9    8    8    8
 0.009954472080291996    9    8    9    1
 0.008494800886679412    9    8    9    2
 -0.009716510433314595    9    8    9    3
 0.01226544418064857    9    8    9    4
 0.003777901821933847    9    8    9    5
 0.0007594722540376872    9    8    9    6
 -0.005222417817287897    9    8    9    7
 0.02538555103269702    9    8    9    8
 0.3939302145743581    9    9    1    1
 -0.0001132840094068217    9    9    2    1
 0.3948415084189002    9    9    2    2
 -0.01437840920942645    9    9    3    1
 -0.001472513182353809    9    9    3    2
 0.380629106039803    9    9    3    3
 0.006502975236990277    9    9    4    1
 0.01035303370845042    9    9    4    2
 -0.004349283076275237    9    9    4    3
 0.378329055698339    9    9    4    4
 -0.003060133446253235    9    9    5    1
 0.007738727673863884    9    9    5    2
 -0.004680170150432955    9    9    5    3
 0.001046486904746244    9    9    5    4
 0.3823344535950478    9    9    5    5
 -0.006062838936713336    9    9    6    1
 0.008266726802516883    9    9    6    2
 0.005191404991424432    9    9    6    3
 0.002303993696036274    9    9    6    4
 -0.001908539577841302    9    9    6    5
 0.3751249656066764    9    9    6    6
 -0.001880938872414622    9    9    7    1
 -0.006062495590984053    9    9    7    2
 -0.005027023816642042    9    9    7    3
 -0.00351998153580817    9    9    7    4
 0.0122419624564208    9    9    7    5
 -0.009089279515952278    9    9    7    6
 0.3917900931284333    9    9    7    7
 0.005052488400547814    9    9    8    1
 0.002974806638610121    9    9    8    2
 0.005698604542342174    9    9    8    3
 -0.0004583596840135186    9    9    8    4
 0.001167682492923961    9    9    8    5
 -0.001070415165527534    9    9    8    6
 0.001185690331533302    9    9    8    7
 0.4184532971092456    9    9    8    8
 -0.02036926974624227    9    9    9    1
 -0.01852222569233885    9    9    9    2
 0.02191274495756362    9    9    9    3
 -0.02765413576036355    9    9    9    4
 -0.007826030984789813    9    9    9    5
 -0.003379883248193709    9    9    9    6
 0.01343666085119702    9    9    9    7
 -0.02806173085979422    9    9    9    8
 0.3580493271298851    9    9    9    9
 -0.0470355801901154   10    1    1    1
 -0.001678242015941446   10    1    2    1
 -0.02173109901383798   10    1    2    2
 -0.02265595609535332   10    1    3    1
 -0.0003342280363011555   10    1    3    2
 -0.03960142844909587   10    1    3    3
 0.006582663563127381   10    1    4    1
 0.0004606496484647787   10    1    4    2
 -0.00151082144069366   10    1    4    3
 -0.03029706731453513   10    1    4    4
 -0.006907296859543274   10    1    5    1
 -0.003661015717895751   10    1    5    2
 -0.002609278189804086   10    1    5    3
 0.0004199763835802633   10    1    5    4
 -0.02843857464031193   10    1    5    5
 -0.008636505566212231   10    1    6    1
 0.0004523365676254704   10    1    6    2
 -9.739688658019672e-05   10    1    6    3
 0.01128250386166926   10    1    6    4
 -0.003269576423096947   10    1    6    5
 -0.03043872217882806   10    1    6    6
 -0.003074978421097295   10    1    7    1
 -0.004940401873923968   10    1    7    2
 -0.001318769517011975   10    1    7    3
 -0.002178988235992484   10    1    7    4
 -0.006913700229623335   10    1    7    5
 0.0001657063085960763   10    1    7    6
 -0.02396423699532416   10    1    7    7
 0.002535289257475621   10    1    8    1
 -0.002040026713284048   10    1    8    2
 0.007072672481933737   10    1    8    3
 -0.002038578297748195   10    1    8    4
 -0.00770530736508033   10    1    8    5
 0.002786177367257982   10    1    8    6
 -0.007976368463141105   10    1    8    7
 -0.04058798376244125   10    1    8    8
 0.001585539763684488   10    1    9    1
 0.004384415897681055   10    1    9    2
 -0.005241885090127216   10    1    9    3
 0.004697870812946924   10    1    9    4
 0.005499763029611509   10    1    9    5
 -0.002219986653636987   10    1    9    6
 0.003804480345370412   10    1    9    7
 0.01295374080395007   10    1    9    8
 -0.01333272086545043   10    1    9    9
 0.02392026609505693   10    1   10    1
 -0.02307181368075904   10    2    1    1
 -0.001253907413878193   10    2    2    1
 -0.04122596225439008   10    2    2    2
 -0.0009596927687351037   10    2    3    1
 0.0008033940008869198   10    2    3    2
 -0.02094908339356973   10    2    3    3
 0.001251324744413053   10    2    4    1
 0.01401016986400544   10    2    4    2
 -0.001083990911828744   10    2    4    3
 -0.02962971376531834   10    2    4    4
 0.003827431898011143   10    2    5    1
 0.01160856356897769   10    2    5    2
 -0.001200341631039756   10    2    5    3
 -0.002131171459925208   10    2    5    4
 -0.03677765655172021   10    2    5    5
 0.0002158561538021447   10    2    6    1
 0.01211084514984533   10    2    6    2
 -0.001159785144827688   10    2    6    3
 -0.009278007510894496   10    2    6    4
 -0.0008856384306261271   10    2    6    5
 -0.02972733862151064   10    2    6    6
 0.002464733816501812   10    2    7    1
 -0.007683441898189348   10    2    7    2
 0.0002738890937021835   10    2    7    3
 -5.689950234418661e-05   10    2    7    4
 0.003496069813700375   10    2    7    5
 -0.002188043061225725   10    2    7    6
 -0.03309394679329746   10    2    7    7
 -0.00106389775901703   10    2    8    1
 -0.0003403830216303568   10    2    8    2
 -0.003357211209159175   10    2    8    3
 -0.002859104417513001   10    2    8    4
 0.003573385722882911   10    2    8    5
 -0.003303376521802136   10    2    8    6
 0.007762095061620926   10    2    8    7
 -0.03944189441071315   10    2    8    8
 0.004929351845089752   10    2    9    1
 0.0001862895700875738   10    2    9    2
 -0.0009448939201330672   10    2    9    3
 0.004979350051711422   10    2    9    4
 -0.001417845404874902   10    2    9    5
 0.001971493768535786   10    2    9    6
 -0.006700091590039858   10    2    9    7
 0.01237216276400819   10    2    9    8
 -0.01327844493757393   10    2    9    9
 0.005719083748732947   10    2   10    1
 0.02060235619945406   10    2   10    2
 -0.09093538934129329   10    3    1    1
 0.002420478113723317   10    3    2    1
 -0.01699246650973494   10    3    2    2
 -0.005484777545561344   10    3    3    1
 -0.003041040356903583   10    3    3    2
 -0.08533028751784531   10    3    3    3
 -0.002306316106690491   10    3    4    1
 -0.00194397441585722   10    3    4    2
 -0.0006208544399861169   10    3    4    3
 -0.04385392674833329   10    3    4    4
 -0.005981414272502835   10    3    5    1
 -0.01540725689366848   10    3    5    2
 -0.006594183106814533   10    3    5    3
 0.003951629337955014   10    3    5    4
 -0.03702898621769612   10    3    5    5
 -0.0002505709135480953   10    3    6    1
 -0.002010011588136553   10    3    6    2
 -0.002670163875793436   10    3    6    3
 0.03387763078971184   10    3    6    4
 -0.005215203564283384   10    3    6    5
 -0.04392590660587102   10    3    6    6
 -0.003783376469921573   10    3    7    1
 -0.01193628997870912   10    3    7    2
 -0.003582454158222301   10    3    7    3
 -0.004686090124319144   10    3    7    4
 -0.02190965172246548   10    3    7    5
 0.002579607084873843   10    3    7    6
 -0.03140198088413773   10    3    7    7
 0.01206117920405093   10    3    8    1
 -0.007207716940855636   10    3    8    2
 0.006069970350103177   10    3    8    3
 0.0005074022616818616   10    3    8    4
 -0.02678713396301719   10    3    8    5
 0.002461907017425946   10    3    8    6
 -0.02678020028077505   10    3    8    7
 -0.06442595792460173   10    3    8    8
 0.01063506711880094   10    3    9    1
 0.003807119854783635   10    3    9    2
 -0.02337663517188689   10    3    9    3
 0.01208365521575168   10    3    9    4
 0.00413955077597625   10    3    9    5
 -0.009509459238222561   10    3    9    6
 0.005255119956460056   10    3    9    7
 0.01424868281374342   10    3    9    8
 -0.02954891999983742   10    3    9    9
 0.01738943991091494   10    3   10    1
 0.005112045052308185   10    3   10    2
 0.03713114970472589   10    3   10    3
 0.03677105201542918   10    4    1    1
 -0.0003892414226678483   10    4    2    1
 0.06342233275574398   10    4    2    2
 -0.000807480625717457   10    4    3    1
 -0.002683497600470999   10    4    3    2
 0.03070369545144367   10    4    3    3
 -0.005464053729074182   10    4    4    1
 -0.004084714741004376   10    4    4    2
 -0.001496833321005442   10    4    4    3
 0.0477798184393347   10    4    4    4
 -0.005751838836733836   10    4    5    1
 -0.0007102364299307197   10    4    5    2
 -0.001386647256758018   10    4    5    3
 0.002454392695962963   10    4    5    4
 0.05271623321288693   10    4    5    5
 0.00404182053827585   10    4    6    1
 -0.004603487536142307   10    4    6    2
 0.002899484671079647   10    4    6    3
 0.01342346717514067   10    4    6    4
 0.001148476531440622   10    4    6    5
 0.04747349459692388   10    4    6    6
 -0.005613016784829695   10    4    7    1
 5.458133659509378e-05   10    4    7    2
 -0.001881122212015503   10    4    7    3
 -0.000979740826424165   10    4    7    4
 -0.002169791419739345   10    4    7    5
 -4.396192458576385e-05   10    4    7    6
 0.05147968981842455   10    4    7    7
 0.0005111362697333205   10    4    8    1
 -0.006544823453697031   10    4    8    2
 0.006338263339806586   10    4    8    3
 -0.0002893935965323583   10    4    8    4
 -0.009719098499755302   10    4    8    5
 -0.00063300219984429   10    4    8    6
 -0.007777857184623229   10    4    8    7
 0.06530213916012843   10    4    8    8
 -0.004685375572558066   10    4    9    1
 -0.007069968708013201   10    4    9    2
 0.007940665872649622   10    4    9    3
 -0.01557478505980011   10    4    9    4
 -0.003995903047877763   10    4    9    5
 -0.00618975972088903   10    4    9    6
 0.01243753044859696   10    4    9    7
 -0.01291081809198704   10    4    9    8
 0.02879172896167487   10    4    9    9
 -0.00782058646588611   10    4   10    1
 -0.01240434817623091   10    4   10    2
 -0.01009806174722454   10    4   10    3
 0.02564544668093309   10    4   10    4
 -0.01932207240437246   10    5    1    1
 0.001176382824495492   10    5    2    1
 0.04367380563157097   10    5    2    2
 0.0003220761043854025   10    5    3    1
 -0.004919190767975883   10    5    3    2
 -0.01554508364056689   10    5    3    3
 -0.00114479720323151   10    5    4    1
 -0.0009743410906647823   10    5    4    2
 -0.0002336124234150602   10    5    4    3
 0.01199625866962184   10    5    4    4
 -0.009180754727037596   10    5    5    1
 -0.01378749094053821   10    5    5    2
 -0.006692523065140126   10    5    5    3
 0.006901176789513607   10    5    5    4
 0.02647657733415922   10    5    5    5
 -0.002222370376331151   10    5    6    1
 -0.001239938082227988   10    5    6    2
 -0.001319773243243893   10    5    6    3
 0.02825119587043277   10    5    6    4
 -0.002130129756330209   10    5    6    5
 0.01074986837681588   10    5    6    6
 -0.005613685547191901   10    5    7    1
 -0.002226915944015545   10    5    7    2
 -0.005339048079819888   10    5    7    3
 -0.002581481202246095   10    5    7    4
 -0.01630925135891264   10    5    7    5
 0.001413835959846143   10    5    7    6
 0.02541211700526902   10    5    7    7
 0.0062879243532451   10    5    8    1
 -0.009090805627172967   10    5    8    2
 0.004567333238648808   10    5    8    3
 -0.002970853537699021   10    5    8    4
 -0.02607341609048359   10    5    8    5
 -0.001580485525579751   10    5    8    6
 -0.02282875015798657   10    5    8    7
 0.02008788709731382   10    5    8    8
 0.005397358103284045   10    5    9    1
 -0.007339865600187395   10    5    9    2
 -0.008270155896064432   10    5    9    3
 -0.006405299794534474   10    5    9    4
 0.003854507826267906   10    5    9    5
 -0.01148833542112333   10    5    9    6
 0.01776506050473707   10    5    9    7
 -0.003295502278137467   10    5    9    8
 0.007453111728258806   10    5    9    9
 0.005694735399226455   10    5   10    1
 -0.009886953792955082   10    5   10    2
 0.01051382137588501   10    5   10    3
 0.01004684937834012   10    5   10    4
 0.02882223441773713   10    5   10    5
 -0.02627904941318103   10    6    1    1
 0.001060921174258605   10    6    2    1
 0.04428349273779865   10    6    2    2
 0.001392429885826332   10    6    3    1
 -0.004140879373232519   10    6    3    2
 -0.02204045054250833   10    6    3    3
 0.002819394638885263   10    6    4    1
 -0.004373527636470721   10    6    4    2
 0.00194204898729388   10    6    4    3
 0.0116220182504435   10    6    4    4
 -0.009859547154728469   10    6    5    1
 -0.008872066596226139   10    6    5    2
 -0.005261498402172123   10    6    5    3
 0.006475324534925401   10    6    5    4
 0.02103784103919926   10    6    5    5
 -0.00557035267644982   10    6    6    1
 -0.005348730703155155   10    6    6    2
 -0.002117439250468722   10    6    6    3
 0.03536953375153341   10    6    6    4
 -0.003508939688319375   10    6    6    5
 0.009900045517928236   10    6    6    6
 -0.006512409976725067   10    6    7    1
 -0.008374812498330591   10    6    7    2
 -0.002768486393752215   10    6    7    3
 -0.003746427769057704   10    6    7    4
 -0.01587315950356664   10    6    7    5
 0.002214232395839337   10    6    7    6
 0.0260486017488898   10    6    7    7
 0.007779547601632322   10    6    8    1
 -0.0107006172141828   10    6    8    2
 0.008132059248737009   10    6    8    3
 -0.002484410429750658   10    6    8    4
 -0.02582274975621726   10    6    8    5
 0.002997579794917647   10    6    8    6
 -0.02385011845807596   10    6    8    7
 0.01586188566446582   10    6    8    8
 0.001829156231649105   10    6    9    1
 -0.004463957213410238   10    6    9    2
 -0.009038249039396129   10    6    9    3
 -0.005485554797294506   10    6    9    4
 -8.072451673971637e-05   10    6    9    5
 -0.0128898660883976   10    6    9    6
 0.01346906730330065   10    6    9    7
 -0.001894139229527571   10    6    9    8
 0.005384841472988192   10    6    9    9
 0.004548340124641411   10    6   10    1
 -0.007530761356909255   10    6   10    2
 0.01039226997265823   10    6   10    3
 0.008128961425799192   10    6   10    4
 0.01646607531476932   10    6   10    5
 0.02172429167307869   10    6   10    6
 -0.01622458171112973   10    7    1    1
 5.482694572396253e-05   10    7    2    1
 -0.03168772982563073   10    7    2    2
 -0.0004510363119717163   10    7    3    1
 0.0002776061591959743   10    7    3    2
 -0.01395866713796429   10    7    3    3
 -0.0006353729946098707   10    7    4    1
 -0.0002842123328653155   10    7    4    2
 -0.0008585541155106911   10    7    4    3
 -0.02015733776420427   10    7    4    4
 0.003011899625426248   10    7    5    1
 0.003914680716151193   10    7    5    2
 -0.001390039288606293   10    7    5    3
 -0.000582041140187025   10    7    5    4
 -0.02768475383793355   10    7    5    5
 -4.809665892062909e-05   10    7    6    1
 -0.001519418440053318   10    7    6    2
 0.000342572535265689   10    7    6    3
 -0.007660620523156609   10    7    6    4
 -0.0003461444276832698   10    7    6    5
 -0.01960580641600288   10    7    6    6
 0.002628885681815442   10    7    7    1
 -0.003651500287357269   10    7    7    2
 -0.0003834529318729064   10    7    7    3
 0.003605576002128305   10    7    7    4
 0.003240245122570247   10    7    7    5
 0.001100532514678091   10    7    7    6
 -0.02877880949491252   10    7    7    7
 -0.001192131866084873   10    7    8    1
 0.003623235914076005   10    7    8    2
 -0.005890552547747376   10    7    8    3
 0.000269309376501449   10    7    8    4
 0.001253292578509012   10    7    8    5
 -0.00238784908124084   10    7    8    6
 0.004513941637072209   10    7    8    7
 -0.03043893889412228   10    7    8    8
 0.005924881539429433   10    7    9    1
 0.0004422209812509838   10    7    9    2
 -0.00401927410984176   10    7    9    3
 0.008442296117041656   10    7    9    4
 0.006160094320039398   10    7    9    5
 0.002409637466093194   10    7    9    6
 -0.001725333000444343   10    7    9    7
 0.005498770581851703   10    7    9    8
 -0.01381418895325376   10    7    9    9
 0.005824810024239446   10    7   10    1
 0.003835241642992265   10    7   10    2
 0.007424764450592287   10    7   10    3
 -0.00661387578990777   10    7   10    4
 0.0002117028706934041   10    7   10    5
 -0.001308587249650375   10    7   10    6
 0.01299569377394853   10    7   10    7
 -0.02259568282478429   10    8    1    1
 -0.0005728252128626487   10    8    2    1
 -0.03242052919402624   10    8    2    2
 0.007007385894287075   10    8    3    1
 -0.00050025501091095   10    8    3    2
 -0.01885751723251872   10    8    3    3
 -0.001536987324382127   10    8    4    1
 -0.003659311971679439   10    8    4    2
 0.001366908327481573   10    8    4    3
 -0.02362071069730028   10    8    4    4
 0.001968765856740211   10    8    5    1
 -0.00146572354717951   10    8    5    2
 -0.001249470458555546   10    8    5    3
 -0.001607568495636311   10    8    5    4
 -0.0319815141801256   10    8    5    5
 0.002639988568752049   10    8    6    1
 -0.003575061481083331   10    8    6    2
 0.00079646423559238   10    8    6    3
 -0.004769412405598437   10    8    6    4
 -0.00198930594272495   10    8    6    5
 -0.02225930242982785   10    8    6    6
 0.000461400117242312   10    8    7    1
 0.003732407874043639   10    8    7    2
 -0.002808533762975176   10    8    7    3
 -0.0001440661746183236   10    8    7    4
 -0.002355372719729415   10    8    7    5
 -0.002283280876883406   10    8    7    6
 -0.02675826103289515   10    8    7    7
 -0.005953045325590613   10    8    8    1
 -0.002286069257921854   10    8    8    2
 -0.01017561965734632   10    8    8    3
 0.008111332212744873   10    8    8    4
 0.006140417765564982   10    8    8    5
 0.001773732242067422   10    8    8    6
 -0.0001767443247471974   10    8    8    7
 -0.03668418453233251   10    8    8    8
 0.009684557148350257   10    8    9    1
 0.0101464724072411   10    8    9    2
 -0.002588120463180902   10    8    9    3
 0.005820442933083035   10    8    9    4
 0.0008802751875654714   10    8    9    5
 0.002069073383515788   10    8    9    6
 -0.005046438610808437   10    8    9    7
 0.006075902419792622   10    8    9    8
 -0.0134482645565602   10    8    9    9
 0.003718036028656077   10    8   10    1
 0.005923658821352312   10    8   10    2
 0.005924817390582577   10    8   10    3
 -0.008053566990127615   10    8   10    4
 -0.003965431002696375   10    8   10    5
 -0.003631136066900793   10    8   10    6
 0.003538671794012346   10    8   10    7
 0.01747629269594468   10    8   10    8
 -0.04346908830799038   10    9    1    1
 0.01144262628678602   10    9    2    1
 -0.04720004745902081   10    9    2    2
 0.002879223501734189   10    9    3    1
 0.004458480528465703   10    9    3    2
 -0.05446663816801847   10    9    3    3
 0.0005600591567858713   10    9    4    1
 -0.002428273277991272   10    9    4    2
 0.007577561047641676   10    9    4    3
 -0.05062690012447763   10    9    4    4
 0.0159147346461425   10    9    5    1
 -0.01572828831846522   10    9    5    2
 -0.0005865518104475366   10    9    5    3
 -0.003656616451300607   10    9    5    4
 -0.03995281085189797   10    9    5    5
 -0.0006658825701005033   10    9    6    1
 -0.0009545277945282728   10    9    6    2
 -0.00140019542540339   10    9    6    3
 -0.001639601566069207   10    9    6    4
 -0.0005704617260982468   10    9    6    5
 -0.04985486025278187   10    9    6    6
 0.01452225450903068   10    9    7    1
 -0.0135228954699049   10    9    7    2
 -0.0001081785873085017   10    9    7    3
 0.00710459078256071   10    9    7    4
 0.00505804393628737   10    9    7    5
 0.001779922746673852   10    9    7    6
 -0.04334682788359383   10    9    7    7
 0.01909397950182842   10    9    8    1
 0.01974629940985262   10    9    8    2
 0.0002074716988160912   10    9    8    3
 -0.001492306360856841   10    9    8    4
 -0.002530884327117467   10    9    8    5
 -0.0004268428161267732   10    9    8    6
 -0.001919735364737377   10    9    8    7
 -0.05609794251260637   10    9    8    8
 0.009768961934412672   10    9    9    1
 0.008859440104151236   10    9    9    2
 -0.004720309471823226   10    9    9    3
 0.007485086171028857   10    9    9    4
 0.00229700443200604   10    9    9    5
 0.0003592603742345031   10    9    9    6
 -0.003430731870551789   10    9    9    7
 0.0116070452492732   10    9    9    8
 -0.01913411709266321   10    9    9    9
 0.00994734262118816   10    9   10    1
 0.009646711090496756   10    9   10    2
 0.01122870189057784   10    9   10    3
 -0.009858829503625079   10    9   10    4
 -0.002274297630070239   10    9   10    5
 -0.001975503511237678   10    9   10    6
 0.004327039515799699   10    9   10    7
 0.00778507949792208   10    9   10    8
 0.0393569760033837   10    9   10    9
 0.3998835809078074   10   10    1    1
 0.001632505666520655   10   10    2    1
 0.3953516029940261   10   10    2    2
 0.01512965729354456   10   10    3    1
 -0.0002550263670207019   10   10    3    2
 0.3864512397292835   10   10    3    3
 -0.006144232813734646   10   10    4    1
 -0.0100824056518436   10   10    4    2
 -0.002520782531063973   10   10    4    3
 0.3825977837527576   10   10    4    4
 -0.0002660768356484347   10   10    5    1
 -0.002345867173565687   10   10    5    2
 0.005603131713905113   10   10    5    3
 0.005805754912061058   10   10    5    4
 0.396943501747707   10   10    5    5
 0.00584048691111323   10   10    6    1
 -0.008641110286299976   10   10    6    2
 0.005668732534704607   10   10    6    3
 0.002307819691594992   10   10    6    4
 0.01032858602518336   10   10    6    5
 0.3795730605636343   10   10    6    6
 -0.001609287463422596   10   10    7    1
 0.01090061540953418   10   10    7    2
 0.00316213086740131   10   10    7    3
 -0.0001428101693539364   10   10    7    4
 0.01194662353883039   10   10    7    5
 -7.511290512996125e-05   10   10    7    6
 0.3830235362032951   10   10    7    7
 -0.0005624106134567711   10   10    8    1
 0.001814325947069734   10   10    8    2
 0.005299540883248796   10   10    8    3
 -0.001811814219911518   10   10    8    4
 0.00126132396703643   10   10    8    5
 -0.002233911785791304   10   10    8    6
 0.002956215603298394   10   10    8    7
 0.423329978627841   10   10    8    8
 -0.01430514000305013   10   10    9    1
 -0.01229597828082705   10   10    9    2
 0.02248686804554176   10   10    9    3
 -0.02738983734581112   10   10    9    4
 -0.008294660388387587   10   10    9    5
 -0.002822351007732436   10   10    9    6
 0.01224801570332433   10   10    9    7
 -0.02737510598262978   10   10    9    8
 0.3379643339461286   10   10    9    9
 -0.02264616263283137   10   10   10    1
 -0.02051487378570854   10   10   10    2
 -0.03328472806629418   10   10   10    3
 0.03140935683757681   10   10   10    4
 0.00729728253122305   10   10   10    5
 0.005102685278703602   10   10   10    6
 -0.0151026232599366   10   10   10    7
 -0.01498872804718336   10   10   10    8
 -0.01914997741379552   10   10   10    9
 0.3638780380766927   10   10   10   10
 -5.104794648508962    1    1  0  0
 0.2600501369595721    2    1  0  0
 -5.196047902349498    2    2  0  0
 0.004467359358959875    3    1  0  0
 0.08635724784483462    3    2  0  0
 -4.492632404003046    3    3  0  0
 0.007241794553753852    4    1  0  0
 -0.03039740236084002    4    2  0  0
 0.08602137484205537    4    3  0  0
 -4.509007763928155    4    4  0  0
 0.2679336769050701    5    1  0  0
 -0.2687816302387797    5    2  0  0
 0.02295637185737829    5    3  0  0
 -0.06879319671092518    5    4  0  0
 -4.6892326505374    5    5  0  0
 -0.00847475484267966    6    1  0  0
 0.008807081203064542    6    2  0  0
 0.07698718584989897    6    3  0  0
 0.01289590700306679    6    4  0  0
 0.05657525297989706    6    5  0  0
 -4.515745667246184    6    6  0  0
 0.250636093082827    7    1  0  0
 -0.2459998145514461    7    2  0  0
 0.0120342459502073    7    3  0  0
 0.04785763681505629    7    4  0  0
 -0.2081586760557358    7    5  0  0
 -0.05639564662876842    7    6  0  0
 -4.661297637746436    7    7  0  0
 0.149206523286178    8    1  0  0
 0.1700973763842106    8    2  0  0
 -0.03694665985027493    8    3  0  0
 -0.000621295223870094    8    4  0  0
 -0.003240179872123803    8    5  0  0
 -0.01123511730402664    8    6  0  0
 -0.008911134772081193    8    7  0  0
 -4.745541377045214    8    8  0  0
 0.2455334845262455    9    1  0  0
 0.2237735258147126    9    2  0  0
 -0.2784546295278816    9    3  0  0
 0.3492635708915161    9    4  0  0
 0.1066209147439025    9    5  0  0
 0.03770855359949424    9    6  0  0
 -0.1761555480152765    9    7  0  0
 0.2905892699509942    9    8  0  0
 -2.910534234630609    9    9  0  0
 0.2506406320242239   10    1  0  0
 0.2429261761900831   10    2  0  0
 0.43501713743994   10    3  0  0
 -0.4009369172214617   10    4  0  0
 -0.1059967296046838   10    5  0  0
 -0.08286081639534471   10    6  0  0
 0.1933393571341303   10    7  0  0
 0.100513382916475   10    8  0  0
 0.384271541350991   10    9  0  0
 -2.947679245801492   10   10  0  0
 -80.64653390297761  0  0  0  0
