 &FCI NORB=  10,NELEC=10,MS2=0,
  ORBSYM=1,1,1,1,1,1,1,1,1,1,
  ISYM=1,
 &END
 0.7715871163407699    1    1    1    1
 -0.006138075346960038    2    1    1    1
 0.0002253253398980557    2    1    2    1
 0.2882562996840006    2    2    1    1
 -0.003108726431459386    2    2    2    1
 0.7717372960292261    2    2    2    2
 0.03982836697591395    3    1    1    1
 -0.001022916673774434    3    1    2    1
 -0.02513173376246326    3    1    2    2
 0.0259544636646867    3    1    3    1
 -0.02538454343603353    3    2    1    1
 -0.0006118394104244082    3    2    2    1
 0.03998569289323013    3    2    2    2
 0.004809282514631048    3    2    3    1
 0.0258980042987484    3    2    3    2
 0.5353064089412994    3    3    1    1
 -0.001411093882723092    3    3    2    1
 0.5353374099368157    3    3    2    2
 -0.05568317236715391    3    3    3    1
 -0.05535608789357227    3    3    3    2
 0.9398552710555088    3    3    3    3
 0.0001759793977697755    4    1    1    1
 -0.0001175425535438378    4    1    2    1
 -0.0003301642337742416    4    1    2    2
 0.0001047154630785953    4    1    3    1
 0.0001075662261682674    4    1    3    2
 -0.0001352066679652167    4    1    3    3
 0.05326683956503131    4    1    4    1
 -0.0006740458945929312    4    2    1    1
 -6.201237843483294e-05    4    2    2    1
 0.0003140744074398355    4    2    2    2
 7.63425687049667e-05    4    2    3    1
 0.0002891866271938881    4    2    3    2
 -0.0003913499709617185    4    2    3    3
 0.00774626319377796    4    2    4    1
 0.05335147536623534    4    2    4    2
 0.0002228832003346127    4    3    1    1
 6.429269106585401e-05    4    3    2    1
 0.0003025320480595017    4    3    2    2
 -1.554241943540997e-05    4    3    3    1
 -0.000115896755695185    4    3    3    2
 -0.0001968164191238485    4    3    3    3
 -0.02547474261375855    4    3    4    1
 -0.02535033480374067    4    3    4    2
 0.05676812989182022    4    3    4    3
 0.4909003339367823    4    4    1    1
 -0.002225878214762374    4    4    2    1
 0.4914313277921665    4    4    2    2
 -0.02793450419536996    4    4    3    1
 -0.02773009854817232    4    4    3    2
 0.6358725880544607    4    4    3    3
 9.636203768454588e-06    4    4    4    1
 0.0001004883531174603    4    4    4    2
 -0.0002712279650464539    4    4    4    3
 0.559102804230486    4    4    4    4
 0.0005747338702936002    5    1    1    1
 4.653818751424266e-05    5    1    2    1
 -0.000761859504616351    5    1    2    2
 0.0003384775452562084    5    1    3    1
 -9.904902497014032e-06    5    1    3    2
 -0.0003654029983536341    5    1    3    3
 0.003510135696956492    5    1    4    1
 0.005770197889492267    5    1    4    2
 -0.00669598953306713    5    1    4    3
 -7.590135738553018e-05    5    1    4    4
 0.0539346445258616    5    1    5    1
 0.0002637480435318947    5    2    1    1
 -0.0001465152006208321    5    2    2    1
 -0.0001721692296177062    5    2    2    2
 7.681971212522456e-05    5    2    3    1
 -0.0002272002981262051    5    2    3    2
 0.0002054636138145068    5    2    3    3
 -0.005800355542377894    5    2    4    1
 -0.003525103080464161    5    2    4    2
 0.006731621104915972    5    2    4    3
 -1.937220657025244e-05    5    2    4    4
 0.006962895621115138    5    2    5    1
 0.05377641352757297    5    2    5    2
 0.0003850914372776174    5    3    1    1
 3.450398300304996e-05    5    3    2    1
 -0.0001421683741606914    5    3    2    2
 -0.000122947473305139    5    3    3    1
 8.899867302156222e-05    5    3    3    2
 -1.458391916965817e-05    5    3    3    3
 0.005001047415352662    5    3    4    1
 -0.00504673458943554    5    3    4    2
 3.624031526113935e-06    5    3    4    3
 1.074093053478355e-05    5    3    4    4
 -0.02450994829915797    5    3    5    1
 -0.0243368790456363    5    3    5    2
 0.05489378421437009    5    3    5    3
 0.009674850154272649    5    4    1    1
 -6.029446632150858e-05    5    4    2    1
 -0.009741267405616707    5    4    2    2
 0.0006162849834291438    5    4    3    1
 -0.0006246009854725081    5    4    3    2
 -3.467906034391047e-05    5    4    3    3
 9.469593534502043e-05    5    4    4    1
 -0.0001294890449752377    5    4    4    2
 1.599025156285383e-05    5    4    4    3
 -3.655707850143914e-05    5    4    4    4
 6.386670981951213e-05    5    4    5    1
 0.0001313785205014241    5    4    5    2
 -6.357826662038012e-05    5    4    5    3
 0.02052386870265813    5    4    5    4
 0.4911628236427431    5    5    1    1
 -0.002287979598215211    5    5    2    1
 0.4910092751008698    5    5    2    2
 -0.02717857823696836    5    5    3    1
 -0.02702578489929305    5    5    3    2
 0.6323991770544791    5    5    3    3
 1.148247587527556e-05    5    5    4    1
 -7.430478967964315e-05    5    5    4    2
 -0.0001666368631548443    5    5    4    3
 0.516937935206925    5    5    4    4
 0.0001117863532930187    5    5    5    1
 -0.0001822759333083139    5    5    5    2
 1.609599143313138e-05    5    5    5    3
 -1.763806964288868e-05    5    5    5    4
 0.5547514140867913    5    5    5    5
 -0.001049979493962397    6    1    1    1
 -1.00077816470059e-05    6    1    2    1
 0.0003254513655336855    6    1    2    2
 -4.944482192984345e-07    6    1    3    1
 7.393924985668565e-05    6    1    3    2
 -3.774660919620914e-05    6    1    3    3
 0.03708006609226012    6    1    4    1
 0.008335367975007651    6    1    4    2
 -0.019739201130088    6    1    4    3
 -5.593090044504701e-06    6    1    4    4
 0.04265463562515022    6    1    5    1
 -0.0003415349153360195    6    1    5    2
 -0.00780707700872469    6    1    5    3
 0.0001093174075215372    6    1    5    4
 0.0002709791844070915    6    1    5    5
 0.05881584800907567    6    1    6    1
 8.346251054645798e-05    6    2    1    1
 0.0001501774574031702    6    2    2    1
 0.0002809020297300966    6    2    2    2
 -6.720651793544312e-05    6    2    3    1
 7.234807972172745e-05    6    2    3    2
 -8.288988264959252e-05    6    2    3    3
 -0.0007476890730311705    6    2    4    1
 -0.04232908747967344    6    2    4    2
 0.008752982562860258    6    2    4    3
 -0.0002769913147749153    6    2    4    4
 -0.009409728717751706    6    2    5    1
 -0.0367428148521492    6    2    5    2
 0.02068617391750156    6    2    5    3
 -4.086813464237796e-07    6    2    5    4
 0.0001653770223464196    6    2    5    5
 -0.006218547725164859    6    2    6    1
 0.06599362426643887    6    2    6    2
 -6.746052909974134e-05    6    3    1    1
 -7.06487740770935e-06    6    3    2    1
 7.103523113204078e-05    6    3    2    2
 4.958353031557509e-05    6    3    3    1
 -6.455058303036327e-05    6    3    3    2
 -0.0001306399411031369    6    3    3    3
 -0.01060033687436221    6    3    4    1
 -0.0004466773517502941    6    3    4    2
 0.01106335642390221    6    3    4    3
 -4.650529005753238e-05    6    3    4    4
 0.00142792936352042    6    3    5    1
 0.01148973771328538    6    3    5    2
 -0.01292161257194526    6    3    5    3
 3.314156033881275e-06    6    3    5    4
 -0.0001546446928138496    6    3    5    5
 -0.005425409038520706    6    3    6    1
 -0.007222386169700274    6    3    6    2
 0.01871260719970371    6    3    6    3
 0.1131786134324524    6    4    1    1
 -0.0004299814325349999    6    4    2    1
 -0.1063393264083416    6    4    2    2
 0.002682273375454039    6    4    3    1
 -0.01116674717707391    6    4    3    2
 0.02412608695829218    6    4    3    3
 8.574725625090081e-05    6    4    4    1
 -0.0005195296534225118    6    4    4    2
 9.019996872207198e-05    6    4    4    3
 0.01521966338800896    6    4    4    4
 0.0003809186698710775    6    4    5    1
 0.0001124389323363861    6    4    5    2
 5.704381193366719e-05    6    4    5    3
 0.002746436971178275    6    4    5    4
 0.01160331512858123    6    4    5    5
 -0.0003164609719180609    6    4    6    1
 0.0001286393960219813    6    4    6    2
 -4.068604148803072e-05    6    4    6    3
 0.0793595071237921    6    4    6    4
 0.1053830798583724    6    5    1    1
 -0.0009776299188254366    6    5    2    1
 -0.1144182163916914    6    5    2    2
 0.01185798276575654    6    5    3    1
 -0.002061984468857176    6    5    3    2
 -0.02881271113499784    6    5    3    3
 0.0002398081579688108    6    5    4    1
 -0.0001463134679580212    6    5    4    2
 -3.264258175081615e-05    6    5    4    3
 -0.01153416450681268    6    5    4    4
 0.000669004813529327    6    5    5    1
 0.0002949879475550119    6    5    5    2
 -0.000141175609306294    6    5    5    3
 0.007920573945232445    6    5    5    4
 -0.01774324946095453    6    5    5    5
 -9.976503621801859e-05    6    5    6    1
 -0.0002302632411460916    6    5    6    2
 1.837199960426013e-06    6    5    6    3
 0.05976590867447191    6    5    6    4
 0.08038000542842032    6    5    6    5
 0.4697770978990552    6    6    1    1
 -0.003070807097916308    6    6    2    1
 0.4897338060969624    6    6    2    2
 -0.0139248396744997    6    6    3    1
 -0.01266476606427005    6    6    3    2
 0.553325859947377    6    6    3    3
 -0.0001502853185233298    6    6    4    1
 -2.184349304595901e-05    6    6    4    2
 -7.222821838604768e-06    6    6    4    3
 0.4942682949992241    6    6    4    4
 -0.0001170527515632364    6    6    5    1
 -0.0001088433841483926    6    6    5    2
 5.460164611045345e-05    6    6    5    3
 0.0148399848302427    6    6    5    4
 0.493908254775454    6    6    5    5
 -8.736323051822946e-05    6    6    6    1
 7.354385901220082e-05    6    6    6    2
 -4.084481744742503e-05    6    6    6    3
 -0.0003854726706233338    6    6    6    4
 -0.01395138933066937    6    6    6    5
 0.4866366130067935    6    6    6    6
 0.0004323467079432723    7    1    1    1
 -0.0001377845931975575    7    1    2    1
 -0.0002638537594546872    7    1    2    2
 -5.040225020886442e-05    7    1    3    1
 4.002224696866822e-05    7    1    3    2
 8.326160161081888e-05    7    1    3    3
 0.04231801079321894    7    1    4    1
 0.0002641111004691229    7    1    4    2
 -0.008683343766284634    7    1    4    3
 7.75798918376767e-05    7    1    4    4
 -0.03676971511000928    7    1    5    1
 -0.008895187538591448    7    1    5    2
 0.02063783494793426    7    1    5    3
 0.0001382626026207275    7    1    5    4
 -0.0001822638779495388    7    1    5    5
 -0.0001697308756492541    7    1    6    1
 0.006142322618947471    7    1    6    2
 -0.0064628441278232    7    1    6    3
 5.013520745954503e-05    7    1    6    4
 8.254447895607311e-05    7    1    6    5
 -2.452651626682833e-05    7    1    6    6
 0.06600982982409279    7    1    7    1
 -0.0003729514715301508    7    2    1    1
 -7.29284920592209e-05    7    2    2    1
 0.0009869189400545004    7    2    2    2
 -3.345620561495331e-05    7    2    3    1
 -0.0001294100485859449    7    2    3    2
 0.000168870929979604    7    2    3    3
 -0.008822432732031704    7    2    4    1
 -0.03709050138636682    7    2    4    2
 0.01978304526094514    7    2    4    3
 -0.0001564400081822215    7    2    4    4
 0.0001679233031630327    7    2    5    1
 0.04264680097386758    7    2    5    2
 -0.007911179737572882    7    2    5    3
 0.0002093841635548892    7    2    5    4
 -0.0001676731681725178    7    2    5    5
 -0.005392354383941452    7    2    6    1
 -0.0002697732439841485    7    2    6    2
 0.005366274521044161    7    2    6    3
 -0.00019479206375185    7    2    6    4
 -0.0002139196475132271    7    2    6    5
 4.714725109492497e-05    7    2    6    6
 -0.00628053598630441    7    2    7    1
 0.05883263043823677    7    2    7    2
 -8.507123664149259e-05    7    3    1    1
 3.230959683335971e-06    7    3    2    1
 -0.0003519962272517596    7    3    2    2
 8.976467066906132e-05    7    3    3    1
 2.946636286864308e-05    7    3    3    2
 -0.0003378409102793344    7    3    3    3
 0.0004510827595583251    7    3    4    1
 0.01058564448305234    7    3    4    2
 -0.01097891434583324    7    3    4    3
 -6.286309748318428e-05    7    3    4    4
 0.01153284650818761    7    3    5    1
 0.001414507678595442    7    3    5    2
 -0.01303357569750369    7    3    5    3
 -4.450825559607738e-05    7    3    5    4
 -6.205993322385754e-05    7    3    5    5
 0.005317612621317146    7    3    6    1
 -0.006511657240595161    7    3    6    2
 0.001214855643698942    7    3    6    3
 4.519324322504679e-05    7    3    6    4
 0.0001295744641207042    7    3    6    5
 -0.0001322947826329426    7    3    6    6
 -0.00731601278415185    7    3    7    1
 -0.005318564665642681    7    3    7    2
 0.018737506940923    7    3    7    3
 0.1065798585719377    7    4    1    1
 -0.0009517503670468544    7    4    2    1
 -0.1132705282528517    7    4    2    2
 0.01112649481562317    7    4    3    1
 -0.002780801082895909    7    4    3    2
 -0.02387776891940138    7    4    3    3
 8.220025221597768e-05    7    4    4    1
 -0.0004286252686741572    7    4    4    2
 0.0001713035221008869    7    4    4    3
 -0.01538153424715962    7    4    4    4
 0.00043838396050326    7    4    5    1
 0.0003613488097954981    7    4    5    2
 -6.545556174352541e-05    7    4    5    3
 0.002777850464183768    7    4    5    4
 -0.01138016188304683    7    4    5    5
 -0.0002842340474351636    7    4    6    1
 -5.826224988060605e-05    7    4    6    2
 2.451993324518914e-05    7    4    6    3
 0.0603782635666435    7    4    6    4
 0.0475584723045689    7    4    6    5
 -0.01348202099933259    7    4    6    6
 4.604454255143091e-05    7    4    7    1
 -6.37201647049271e-05    7    4    7    2
 7.771586167886747e-05    7    4    7    3
 0.07953409273093912    7    4    7    4
 -0.1145490376267559    7    5    1    1
 0.0004100062466496197    7    5    2    1
 0.1049851542811819    7    5    2    2
 -0.001949829443041528    7    5    3    1
 0.01189382612965196    7    5    3    2
 -0.02934719792052153    7    5    3    3
 0.0001313980147630871    7    5    4    1
 0.0004643985305050057    7    5    4    2
 -0.0001574243330407114    7    5    4    3
 -0.01160447179493876    7    5    4    4
 -0.0005368440629194082    7    5    5    1
 -0.0003950329643519471    7    5    5    2
 0.0001530899954319698    7    5    5    3
 -0.007890827845405849    7    5    5    4
 -0.01820171520787536    7    5    5    5
 0.0002673366332633622    7    5    6    1
 4.727996463287489e-05    7    5    6    2
 -1.572381222918516e-05    7    5    6    3
 -0.04740899819037621    7    5    6    4
 -0.05925954403851508    7    5    6    5
 -0.005729972581124477    7    5    6    6
 0.0001603371167683173    7    5    7    1
 3.44657636950219e-05    7    5    7    2
 -8.601293201765812e-05    7    5    7    3
 -0.0597967385861898    7    5    7    4
 0.0802668242679362    7    5    7    5
 0.0008213115714031434    7    6    1    1
 1.603809856645427e-05    7    6    2    1
 0.0006209874642141162    7    6    2    2
 -0.0004392219143187373    7    6    3    1
 -0.0004677808801019959    7    6    3    2
 0.003074527947949829    7    6    3    3
 -6.018264682703749e-05    7    6    4    1
 -3.508330842898468e-05    7    6    4    2
 2.390148631065965e-05    7    6    4    3
 0.0171097733770754    7    6    4    4
 3.4472653282114e-05    7    6    5    1
 -7.835617618147995e-07    7    6    5    2
 7.025277200996496e-06    7    6    5    3
 1.944921077788837e-05    7    6    5    4
 -0.01350634022462107    7    6    5    5
 -5.434870554038785e-05    7    6    6    1
 -3.934162516511453e-05    7    6    6    2
 1.603243069423478e-05    7    6    6    3
 0.0008976155736827845    7    6    6    4
 0.001903107398422005    7    6    6    5
 0.0009751569000701429    7    6    6    6
 -2.628221640979135e-05    7    6    7    1
 2.219636471467505e-05    7    6    7    2
 -2.11170038691458e-06    7    6    7    3
 -0.000781299813804381    7    6    7    4
 0.001829093150758077    7    6    7    5
 0.01634673215798789    7    6    7    6
 0.4901259171059664    7    7    1    1
 -0.003201830349511913    7    7    2    1
 0.4696433113428596    7    7    2    2
 -0.01276058408796256    7    7    3    1
 -0.01384725630779773    7    7    3    2
 0.5535321651471214    7    7    3    3
 -5.393138907580605e-05    7    7    4    1
 -8.545845779339069e-05    7    7    4    2
 1.724556148713815e-05    7    7    4    3
 0.4944034336867755    7    7    4    4
 7.631588607819517e-05    7    7    5    1
 -1.138104440322967e-05    7    7    5    2
 -1.029745211419351e-06    7    7    5    3
 -0.01488591259936404    7    7    5    4
 0.494010937555988    7    7    5    5
 -9.953270911665442e-05    7    7    6    1
 1.843547140620903e-05    7    7    6    2
 -3.951068704003982e-05    7    7    6    3
 0.01378903418363922    7    7    6    4
 -0.005322382240697213    7    7    6    5
 0.4529360018403181    7    7    6    6
 -0.0001223955602253242    7    7    7    1
 -7.528788098385409e-05    7    7    7    2
 -7.96366986308554e-05    7    7    7    3
 0.0007061940229159241    7    7    7    4
 -0.0144398156283022    7    7    7    5
 0.0009848746030393369    7    7    7    6
 0.486934277686055    7    7    7    7
 -0.04037373637645292    8    1    1    1
 0.0004526016414557034    8    1    2    1
 -0.03590934157471151    8    1    2    2
 0.01513033581555159    8    1    3    1
 0.004751271892539746    8    1    3    2
 -0.0731784349946011    8    1    3    3
 -0.0001123430064641472    8    1    4    1
 7.956389171874736e-05    8    1    4    2
 5.959513494017697e-05    8    1    4    3
 -0.05998408684024045    8    1    4    4
 0.0002299680985402015    8    1    5    1
 -3.810429974951013e-05    8    1    5    2
 -5.051464664764528e-05    8    1    5    3
 -0.0007161949215093688    8    1    5    4
 -0.05942060517821414    8    1    5    5
 9.375707586490479e-05    8    1    6    1
 3.047326446070543e-05    8    1    6    2
 2.940359957531535e-05    8    1    6    3
 -0.01212621378049728    8    1    6    4
 -0.003816416674999734    8    1    6    5
 -0.0460741796346858    8    1    6    6
 -0.0002412495054425183    8    1    7    1
 3.077858712462407e-05    8    1    7    2
 8.33563513031658e-05    8    1    7    3
 -0.00457316424225724    8    1    7    4
 0.01290276547795718    8    1    7    5
 -0.0004438585421620746    8    1    7    6
 -0.0479067391986136    8    1    7    7
 0.04432756079116443    8    1    8    1
 0.005995201641941657    8    2    1    1
 -0.0003313666095602803    8    2    2    1
 0.01967700589991964    8    2    2    2
 -0.0008047732706490484    8    2    3    1
 -0.002995590052210615    8    2    3    2
 0.02421462107268093    8    2    3    3
 7.223790572668807e-05    8    2    4    1
 0.0001439174040443199    8    2    4    2
 -7.512823996510656e-05    8    2    4    3
 0.01506010159381864    8    2    4    4
 -5.669201942383272e-05    8    2    5    1
 0.0001046476467192213    8    2    5    2
 -5.633743680061112e-05    8    2    5    3
 -0.0004740983789089214    8    2    5    4
 0.01500584836349456    8    2    5    5
 6.784087845231839e-05    8    2    6    1
 -0.0001901499068368904    8    2    6    2
 3.500814593643828e-05    8    2    6    3
 -0.004857860277959715    8    2    6    4
 -0.00602217993330503    8    2    6    5
 0.01383930082171702    8    2    6    6
 6.793155670251782e-05    8    2    7    1
 1.493594301856583e-05    8    2    7    2
 -4.326097229751256e-05    8    2    7    3
 -0.005881489736982684    8    2    7    4
 0.004693659079812919    8    2    7    5
 9.115980358935741e-05    8    2    7    6
 0.01280123627223707    8    2    7    7
 -0.0004362851499584669    8    2    8    1
 0.002952847536413576    8    2    8    2
 0.005290633113917217    8    3    1    1
 0.0003049607058667244    8    3    2    1
 -0.07039502014858837    8    3    2    2
 0.01010167987887899    8    3    3    1
 0.008526197890674643    8    3    3    2
 -0.1217073270615305    8    3    3    3
 0.000129223554152021    8    3    4    1
 -7.735562805667567e-05    8    3    4    2
 1.692436397217398e-05    8    3    4    3
 -0.05011798479457521    8    3    4    4
 9.814493796544468e-05    8    3    5    1
 -0.0001242005309368968    8    3    5    2
 0.0002912014583665384    8    3    5    3
 0.002005538986361912    8    3    5    4
 -0.04957596383182553    8    3    5    5
 -9.809115841525737e-05    8    3    6    1
 0.0001337096464556138    8    3    6    2
 -0.0001095213947516522    8    3    6    3
 0.01900441273062426    8    3    6    4
 0.02700612825703212    8    3    6    5
 -0.03982181176908058    8    3    6    6
 0.0001483943774416217    8    3    7    1
 -0.0001842476042183977    8    3    7    2
 2.863275778591262e-05    8    3    7    3
 0.02622082940022235    8    3    7    4
 -0.01815190195433078    8    3    7    5
 -0.0004783522315825143    8    3    7    6
 -0.03564517600359211    8    3    7    7
 0.01296474797494648    8    3    8    1
 -0.007063601401669091    8    3    8    2
 0.04298216173714188    8    3    8    3
 -0.0004631931029348625    8    4    1    1
 4.196046323634537e-05    8    4    2    1
 0.0004816943072910488    8    4    2    2
 8.833646221650769e-06    8    4    3    1
 -1.465650276655902e-05    8    4    3    2
 -0.0001045173259690523    8    4    3    3
 -0.02004942568897254    8    4    4    1
 -0.0006176636084240685    8    4    4    2
 0.008897303518651121    8    4    4    3
 -8.816609829858391e-05    8    4    4    4
 -0.002977864631544677    8    4    5    1
 0.002929197720120728    8    4    5    2
 -0.002290383908559812    8    4    5    3
 -5.293811240269585e-05    8    4    5    4
 -0.0001063091055236903    8    4    5    5
 -0.0152842381607876    8    4    6    1
 -0.002538400745199727    8    4    6    2
 0.007534087206245841    8    4    6    3
 -0.0003413716767067706    8    4    6    4
 -0.0003163568632034002    8    4    6    5
 3.099579367309899e-05    8    4    6    6
 -0.01135454579422693    8    4    7    1
 0.001844993308971491    8    4    7    2
 0.003750861772053466    8    4    7    3
 -0.0002894647459838762    8    4    7    4
 0.0002077924552679607    8    4    7    5
 2.334224428124424e-05    8    4    7    6
 -6.982164681117546e-05    8    4    7    7
 0.0001828639570006541    8    4    8    1
 -6.560951968708844e-06    8    4    8    2
 -0.0001357686185167891    8    4    8    3
 0.01625580341057021    8    4    8    4
 0.0007365293128164482    8    5    1    1
 -4.499715969863155e-05    8    5    2    1
 0.0007688482061974388    8    5    2    2
 -6.635184020534516e-05    8    5    3    1
 -7.341088710565214e-05    8    5    3    2
 0.001188905926324542    8    5    3    3
 0.0008875091365811992    8    5    4    1
 -0.003433827179180718    8    5    4    2
 0.003706334822786433    8    5    4    3
 0.0006336656921916838    8    5    4    4
 -0.01971699076262778    8    5    5    1
 -0.0001476547518123471    8    5    5    2
 0.008515679559515958    8    5    5    3
 -4.147296165923138e-06    8    5    5    4
 0.0005867091159208026    8    5    5    5
 -0.01102710964718615    8    5    6    1
 0.002113566379903976    8    5    6    2
 0.003456396663512432    8    5    6    3
 -7.038108250956517e-05    8    5    6    4
 -0.0002032866557421263    8    5    6    5
 0.0006158891130902447    8    5    6    6
 0.01559526653672622    8    5    7    1
 0.002828230721130612    8    5    7    2
 -0.00779442136189336    8    5    7    3
 -5.820250187752256e-05    8    5    7    4
 9.310021313637519e-05    8    5    7    5
 -1.970580096505611e-05    8    5    7    6
 0.0005529159900211725    8    5    7    7
 -0.0001075696419216214    8    5    8    1
 0.0001580249949878679    8    5    8    2
 -0.0002650163426740659    8    5    8    3
 0.0005142312243876278    8    5    8    4
 0.01605818222089954    8    5    8    5
 4.224950234955979e-05    8    6    1    1
 4.405828560142308e-05    8    6    2    1
 -0.0009356103382266179    8    6    2    2
 5.690124983551947e-05    8    6    3    1
 2.748789928477954e-05    8    6    3    2
 -0.0009267031634618489    8    6    3    3
 -0.01224863062388479    8    6    4    1
 -0.007559618608635376    8    6    4    2
 0.01221950184596486    8    6    4    3
 -0.0007228068800302092    8    6    4    4
 -0.008010861357926717    8    6    5    1
 -0.002905298113671931    8    6    5    2
 0.008240149559008638    8    6    5    3
 -5.108145099379052e-05    8    6    5    4
 -0.0006627184351257973    8    6    5    5
 -0.01215751558252174    8    6    6    1
 0.00732954740534118    8    6    6    2
 0.001558839544962366    8    6    6    3
 0.0002610298800122011    8    6    6    4
 0.0002474148380500181    8    6    6    5
 -0.0005676594151751404    8    6    6    6
 -0.002125088889982405    8    6    7    1
 0.002972264188243358    8    6    7    2
 -0.002864754848611817    8    6    7    3
 0.0002815441430315001    8    6    7    4
 -0.0002327511211635545    8    6    7    5
 -1.129345047022302e-05    8    6    7    6
 -0.0004705947468918087    8    6    7    7
 0.0001123938071768971    8    6    8    1
 -0.0001359091861705137    8    6    8    2
 0.0003134327486989786    8    6    8    3
 0.006677939446634028    8    6    8    4
 0.004484214186180477    8    6    8    5
 0.01223630757740605    8    6    8    6
 -0.0006199710688887395    8    7    1    1
 3.10297457108861e-05    8    7    2    1
 -8.53492497762181e-06    8    7    2    2
 7.482963911056391e-05    8    7    3    1
 -6.171716169466615e-05    8    7    3    2
 -0.0004003181402530296    8    7    3    3
 -0.008315878983174468    8    7    4    1
 -0.003182148418143578    8    7    4    2
 0.008432757072493914    8    7    4    3
 -0.0003861176805416032    8    7    4    4
 0.01254926915028236    8    7    5    1
 0.00773519945676939    8    7    5    2
 -0.01238630695603069    8    7    5    3
 1.885835890529773e-05    8    7    5    4
 -0.0002404242020312665    8    7    5    5
 0.001720165826352751    8    7    6    1
 -0.003287942853514512    8    7    6    2
 0.003168340424848587    8    7    6    3
 -0.0001368391833537347    8    7    6    4
 -0.0001209129934950335    8    7    6    5
 -0.0002465493829342501    8    7    6    6
 -0.01434455941932553    8    7    7    1
 0.006689281519693138    8    7    7    2
 0.003074006964460418    8    7    7    3
 -0.0001139775391083625    8    7    7    4
 8.98181237053206e-05    8    7    7    5
 -2.143882523799366e-05    8    7    7    6
 -0.0002931130154971214    8    7    7    7
 0.0002871079682660194    8    7    8    1
 -7.364379884668494e-06    8    7    8    2
 -4.273026448388775e-05    8    7    8    3
 0.004610973713202643    8    7    8    4
 -0.006795055349856589    8    7    8    5
 0.0001028498775923379    8    7    8    6
 0.01309069789424263    8    7    8    7
 0.4714424661539766    8    8    1    1
 -0.001495915807679321    8    8    2    1
 0.2881101887008145    8    8    2    2
 0.01271316314545279    8    8    3    1
 -0.02069827932100712    8    8    3    2
 0.4297697449395942    8    8    3    3
 0.0001710572502321741    8    8    4    1
 -0.0001879413635531377    8    8    4    2
 -7.139960863921394e-05    8    8    4    3
 0.3788033099294661    8    8    4    4
 0.0003852696573256041    8    8    5    1
 0.0004092254778680233    8    8    5    2
 -0.0001754232768003175    8    8    5    3
 0.003353826690698457    8    8    5    4
 0.3784602037006887    8    8    5    5
 -9.847414411935568e-05    8    8    6    1
 -0.0002456963343764828    8    8    6    2
 0.0001017639340426518    8    8    6    3
 0.04166243455412406    8    8    6    4
 0.03289248549013543    8    8    6    5
 0.3621689962532632    8    8    6    6
 0.0001530103562706322    8    8    7    1
 -6.450732061192471e-06    8    8    7    2
 1.466583021195489e-05    8    8    7    3
 0.0338009452042708    8    8    7    4
 -0.04267062700881975    8    8    7    5
 0.0006549178059653562    8    8    7    6
 0.3686574757664548    8    8    7    7
 0.01755580408840575    8    8    8    1
 0.006965812409075683    8    8    8    2
 -0.0006714001334892754    8    8    8    3
 -5.686950437640247e-05    8    8    8    4
 0.0003721883666830103    8    8    8    5
 -0.0001528481078281608    8    8    8    6
 8.237673674613777e-05    8    8    8    7
 0.4356266413157361    8    8    8    8
 -0.01934619952472878    9    1    1    1
 0.0004141013738234659    9    1    2    1
 -0.005487748928996589    9    1    2    2
 0.002864428689441866    9    1    3    1
 0.0006752852129832878    9    1    3    2
 -0.02335798697429268    9    1    3    3
 -4.341385890464318e-05    9    1    4    1
 -8.493055468580455e-06    9    1    4    2
 5.907881366793662e-06    9    1    4    3
 -0.01434605229378386    9    1    4    4
 -0.0001362516915170609    9    1    5    1
 -5.184990388998496e-05    9    1    5    2
 9.954299476929302e-05    9    1    5    3
 -0.0004719295523518334    9    1    5    4
 -0.01433239600549082    9    1    5    5
 -5.735331308264787e-05    9    1    6    1
 6.195477547461171e-05    9    1    6    2
 -1.690906337739659e-06    9    1    6    3
 -0.005876926785237858    9    1    6    4
 -0.004829023227941281    9    1    6    5
 -0.01228055381697902    9    1    6    6
 2.823971093680416e-05    9    1    7    1
 1.823050359123994e-05    9    1    7    2
 -4.082017779062945e-05    9    1    7    3
 -0.004970566273873022    9    1    7    4
 0.006035312544553546    9    1    7    5
 -8.44304898078818e-05    9    1    7    6
 -0.01335444957119761    9    1    7    7
 0.005076858825169541    9    1    8    1
 -0.0006299983626907797    9    1    8    2
 0.002560439834845177    9    1    8    3
 4.043884614077425e-05    9    1    8    4
 -7.737292707215539e-06    9    1    8    5
 7.307389597299874e-05    9    1    8    6
 -3.712061758154335e-06    9    1    8    7
 -0.003813863766505213    9    1    8    8
 0.002894523591668922    9    1    9    1
 0.03598319472177446    9    2    1    1
 -0.0004138029783196184    9    2    2    1
 0.04027628365024529    9    2    2    2
 -0.004854921448718031    9    2    3    1
 -0.01508690186252478    9    2    3    2
 0.07316163570964879    9    2    3    3
 -5.708166922903989e-05    9    2    4    1
 -0.000150192934072971    9    2    4    2
 -1.696722730886957e-05    9    2    4    3
 0.0599989393197564    9    2    4    4
 -6.431268556395038e-05    9    2    5    1
 4.943998127562803e-05    9    2    5    2
 5.060953258204154e-05    9    2    5    3
 -0.0007153537782979129    9    2    5    4
 0.05939441094215673    9    2    5    5
 3.506681576096527e-05    9    2    6    1
 5.528054596879266e-05    9    2    6    2
 -2.102688233338885e-05    9    2    6    3
 -0.00443585740761238    9    2    6    4
 -0.01277775097396096    9    2    6    5
 0.04777454156501471    9    2    6    6
 -2.954197308043958e-05    9    2    7    1
 0.0001669320900691388    9    2    7    2
 -3.133792276291614e-05    9    2    7    3
 -0.0120545987542164    9    2    7    4
 0.003669383077339766    9    2    7    5
 0.0004781174996674799    9    2    7    6
 0.04600210380283922    9    2    7    7
 -0.006525942783862669    9    2    8    1
 0.005351726598063658    9    2    8    2
 -0.01105568255306973    9    2    8    3
 9.011301037354784e-05    9    2    8    4
 0.0001176603727004186    9    2    8    5
 -0.0001760292466815712    9    2    8    6
 5.151201232287011e-05    9    2    8    7
 0.03272488233864342    9    2    8    8
 -0.0001487333990973375    9    2    9    1
 0.04425414593197073    9    2    9    2
 0.07031015741214451    9    3    1    1
 -0.000780059333574855    9    3    2    1
 -0.00488945251501482    9    3    2    2
 -0.008636840104372148    9    3    3    1
 -0.01009531060228759    9    3    3    2
 0.1223457544600256    9    3    3    3
 -4.976250736826149e-05    9    3    4    1
 -0.0001735158343425611    9    3    4    2
 5.603981240040104e-05    9    3    4    3
 0.05027488282429825    9    3    4    4
 0.0002255716787923107    9    3    5    1
 0.0002459390972539654    9    3    5    2
 -0.000374311895678724    9    3    5    3
 0.001976904104843363    9    3    5    4
 0.04987045497757776    9    3    5    5
 -6.431580461840239e-05    9    3    6    1
 -0.0001300473884700268    9    3    6    2
 6.200621163836554e-05    9    3    6    3
 0.026109104214509    9    3    6    4
 0.01812694384283593    9    3    6    5
 0.03588322230754314    9    3    6    6
 -9.26243395817533e-05    9    3    7    1
 1.653097204865404e-05    9    3    7    2
 3.602194716409328e-05    9    3    7    3
 0.01893239790155056    9    3    7    4
 -0.02697181559786251    9    3    7    5
 0.0005124335280869578    9    3    7    6
 0.04012229768030564    9    3    7    7
 -0.01115594709390933    9    3    8    1
 0.002755191376328812    9    3    8    2
 -0.01836500256787814    9    3    8    3
 -0.0001049811368170027    9    3    8    4
 0.0002266934742821724    9    3    8    5
 -0.0001038070029279554    9    3    8    6
 -6.902239906637923e-05    9    3    8    7
 0.03748391208678532    9    3    8    8
 -0.006948194802598879    9    3    9    1
 0.01304200905366179    9    3    9    2
 0.04316120864302643    9    3    9    3
 8.530569673029959e-05    9    4    1    1
 -1.312190585692085e-05    9    4    2    1
 3.65512847002983e-05    9    4    2    2
 -3.387201040192597e-05    9    4    3    1
 -3.347604979773768e-05    9    4    3    2
 0.0004410484001726534    9    4    3    3
 0.0008590469414781281    9    4    4    1
 0.02009566941974873    9    4    4    2
 -0.00897699549892781    9    4    4    3
 0.0004429593829220842    9    4    4    4
 0.00294459675088677    9    4    5    1
 -0.003003396042103169    9    4    5    2
 -0.002295552839535606    9    4    5    3
 -0.0001142103448506771    9    4    5    4
 0.0003273200223618881    9    4    5    5
 0.001865574910588849    9    4    6    1
 -0.01131813276360675    9    4    6    2
 0.003684572831366262    9    4    6    3
 -7.821038590876931e-05    9    4    6    4
 -3.315158970314582e-05    9    4    6    5
 0.000199705238563309    9    4    6    6
 -0.002588124268661448    9    4    7    1
 -0.0152863440820067    9    4    7    2
 0.007523232745323782    9    4    7    3
 -0.0001402894955134125    9    4    7    4
 5.990670516988367e-05    9    4    7    5
 1.500806570873516e-06    9    4    7    6
 0.0002679870025373328    9    4    7    7
 -6.231494315733955e-05    9    4    8    1
 8.102621595967079e-05    9    4    8    2
 -0.0001109376022599365    9    4    8    3
 -0.002208252621405334    9    4    8    4
 -0.001755443477261347    9    4    8    5
 -0.003170688246090033    9    4    8    6
 0.0003466245785230347    9    4    8    7
 6.683722900713899e-05    9    4    8    8
 -4.24183812458831e-05    9    4    9    1
 6.768018784005132e-05    9    4    9    2
 8.047599339394689e-05    9    4    9    3
 0.01630600608149706    9    4    9    4
 -0.001228554701052147    9    5    1    1
 -3.579539789586557e-05    9    5    2    1
 -0.0009722082670393461    9    5    2    2
 0.0001628359133263521    9    5    3    1
 0.0001121420367927802    9    5    3    2
 -0.002145046990646418    9    5    3    3
 -0.003419542259474241    9    5    4    1
 0.0009351703574411878    9    5    4    2
 0.003677682920367431    9    5    4    3
 -0.00134227188391159    9    5    4    4
 0.0003688138961091611    9    5    5    1
 0.01969249742282009    9    5    5    2
 -0.008544859525035376    9    5    5    3
 5.731026690513294e-05    9    5    5    4
 -0.001538463773108774    9    5    5    5
 -0.00289394585803309    9    5    6    1
 -0.01559508715584703    9    5    6    2
 0.007783061561878808    9    5    6    3
 -0.0001515769811566737    9    5    6    4
 9.485535496315015e-05    9    5    6    5
 -0.001165070586016792    9    5    6    6
 -0.002105962255248917    9    5    7    1
 0.01099931779309345    9    5    7    2
 -0.00340130011606832    9    5    7    3
 9.503685028877769e-05    9    5    7    4
 5.518248120808595e-05    9    5    7    5
 2.859606525206808e-05    9    5    7    6
 -0.0011676372366849    9    5    7    7
 0.0002511710803865141    9    5    8    1
 -7.266818404813189e-05    9    5    8    2
 0.0003744844447621928    9    5    8    3
 0.001736895612062139    9    5    8    4
 -0.001821734847732964    9    5    8    5
 0.0005707766444626234    9    5    8    6
 0.003327118478108322    9    5    8    7
 -0.0004495105165990512    9    5    8    8
 0.0001200997791542613    9    5    9    1
 -0.0003152412407903945    9    5    9    2
 -0.0004396278416922495    9    5    9    3
 -0.0005078652696626224    9    5    9    4
 0.01607252445002686    9    5    9    5
 -0.0001926654388720488    9    6    1    1
 4.567072621489727e-05    9    6    2    1
 0.0005146430632007753    9    6    2    2
 -5.629662868200894e-05    9    6    3    1
 1.014493165910858e-05    9    6    3    2
 0.0002170158554428638    9    6    3    3
 -0.003154552185819931    9    6    4    1
 -0.008222571746837623    9    6    4    2
 0.008348022595027307    9    6    4    3
 3.525132327002183e-05    9    6    4    4
 -0.007830817854231282    9    6    5    1
 -0.01249809841019303    9    6    5    2
 0.01239641971257165    9    6    5    3
 -6.884790556318257e-05    9    6    5    4
 0.000133041807140998    9    6    5    5
 -0.006559158335730559    9    6    6    1
 0.01431002443303775    9    6    6    2
 -0.003059550360381642    9    6    6    3
 -0.0001823121636136952    9    6    6    4
 -0.0003487331053328715    9    6    6    5
 0.0001353840782117882    9    6    6    6
 0.003316232414837787    9    6    7    1
 -0.001770328773983824    9    6    7    2
 -0.003165852372232602    9    6    7    3
 -0.0002146049011339918    9    6    7    4
 0.0002543955140799607    9    6    7    5
 1.030240663505645e-07    9    6    7    6
 7.940801246275938e-05    9    6    7    7
 9.282867372190698e-05    9    6    8    1
 -1.587585574575896e-05    9    6    8    2
 -0.0001042698149154653    9    6    8    3
 -0.0004093131711201885    9    6    8    4
 0.003298422368686395    9    6    8    5
 0.003919860549350472    9    6    8    6
 -0.001839542679185955    9    6    8    7
 -2.304190196632189e-05    9    6    8    8
 5.305806967767602e-05    9    6    9    1
 0.0001072133315438782    9    6    9    2
 -8.813282157257225e-05    9    6    9    3
 -0.004590739725249125    9    6    9    4
 -0.00683296114791574    9    6    9    5
 0.01308287914705221    9    6    9    6
 0.0003021562838436701    9    7    1    1
 6.91661906953789e-06    9    7    2    1
 0.0001259419942186787    9    7    2    2
 -2.925340705810864e-05    9    7    3    1
 -1.314214146001944e-05    9    7    3    2
 0.0002060584107648921    9    7    3    3
 -0.007615706737309063    9    7    4    1
 -0.01219032006282752    9    7    4    2
 0.01218691529804686    9    7    4    3
 -1.427698844274617e-06    9    7    4    4
 0.002932551097540432    9    7    5    1
 0.007936669770981839    9    7    5    2
 -0.008208455025860319    9    7    5    3
 5.902673668656184e-05    9    7    5    4
 9.923008595395374e-05    9    7    5    5
 -0.002959647064657604    9    7    6    1
 0.002141609014081566    9    7    6    2
 0.002867271251582496    9    7    6    3
 0.0001375904326248082    9    7    6    4
 0.0001437140951532839    9    7    6    5
 9.297279215199964e-05    9    7    6    6
 -0.007249153722362594    9    7    7    1
 0.0121197714146228    9    7    7    2
 -0.001517503222484071    9    7    7    3
 0.0002116780228777551    9    7    7    4
 -0.0002669820808660928    9    7    7    5
 1.094780333996066e-06    9    7    7    6
 0.0001335039640912311    9    7    7    7
 -0.0001224095531903774    9    7    8    1
 -1.35944010978985e-05    9    7    8    2
 -4.085980240451081e-05    9    7    8    3
 0.003109880498624191    9    7    8    4
 0.0005991070103532177    9    7    8    5
 0.001586667487631694    9    7    8    6
 0.003934316436824389    9    7    8    7
 -0.0001386505089783418    9    7    8    8
 -9.332473216890224e-05    9    7    9    1
 -0.0001836666262100581    9    7    9    2
 0.0001740995634280962    9    7    9    3
 -0.006688785070301576    9    7    9    4
 0.004467314175561276    9    7    9    5
 6.126803468809647e-05    9    7    9    6
 0.01221103341210137    9    7    9    7
 -0.01566475285274603    9    8    1    1
 -0.0003972888644625959    9    8    2    1
 -0.01463274745034746    9    8    2    2
 0.006575722827578237    9    8    3    1
 0.006726982218762939    9    8    3    2
 -0.05078784426932165    9    8    3    3
 8.608667756949961e-05    9    8    4    1
 8.288540981511568e-05    9    8    4    2
 -3.869110289605068e-05    9    8    4    3
 -0.03125895484984287    9    8    4    4
 -3.053682266622215e-05    9    8    5    1
 -0.0001690110354936956    9    8    5    2
 0.0002720315211345872    9    8    5    3
 -2.122139748808435e-05    9    8    5    4
 -0.03077300326156632    9    8    5    5
 3.896487622169323e-05    9    8    6    1
 7.876788788049226e-05    9    8    6    2
 -8.5396737782588e-05    9    8    6    3
 -0.002980862318254186    9    8    6    4
 0.003007322834622414    9    8    6    5
 -0.02169477938828274    9    8    6    6
 8.447327544534144e-05    9    8    7    1
 -8.169695184473183e-05    9    8    7    2
 -4.804983076351657e-05    9    8    7    3
 0.002541171349285939    9    8    7    4
 0.003446736972111908    9    8    7    5
 -0.0002898439298082456    9    8    7    6
 -0.0217326152279455    9    8    7    7
 0.01197761071835129    9    8    8    1
 -0.0005033651750290871    9    8    8    2
 0.008502219501092392    9    8    8    3
 -3.935202302410339e-05    9    8    8    4
 0.0001084109463313943    9    8    8    5
 8.616296686759553e-05    9    8    8    6
 -0.0001057261617852499    9    8    8    7
 -0.005392952999410206    9    8    8    8
 0.0003444119252851313    9    8    9    1
 -0.01226713063339534    9    8    9    2
 -0.008754130280068306    9    8    9    3
 -6.332086030032146e-05    9    8    9    4
 -4.432231043489313e-05    9    8    9    5
 0.0001113320468262071    9    8    9    6
 -2.021385851112699e-05    9    8    9    7
 0.01117338588785404    9    8    9    8
 0.288244097617765    9    9    1    1
 -0.0003540577618982673    9    9    2    1
 0.4716132474989477    9    9    2    2
 -0.02069350708468373    9    9    3    1
 0.01275912666653632    9    9    3    2
 0.430299356571913    9    9    3    3
 -0.0001926382265869942    9    9    4    1
 0.0003045207030823597    9    9    4    2
 2.77550492792268e-06    9    9    4    3
 0.3793159043482671    9    9    4    4
 -2.553647966751782e-05    9    9    5    1
 -0.0001709323462901051    9    9    5    2
 -0.0003969599426509385    9    9    5    3
 -0.003379251115566421    9    9    5    4
 0.3787206551900046    9    9    5    5
 0.0002273256601964649    9    9    6    1
 -3.192776096421885e-05    9    9    6    2
 1.888112586810715e-05    9    9    6    3
 -0.03370067907289626    9    9    6    4
 -0.0426155024747088    9    9    6    5
 0.3688440675622276    9    9    6    6
 -0.0003607655280506386    9    9    7    1
 6.040703276058194e-06    9    9    7    2
 1.749691023069055e-05    9    9    7    3
 -0.04166248613362093    9    9    7    4
 0.03267555825832986    9    9    7    5
 0.0004970541080938569    9    9    7    6
 0.3624737653943946    9    9    7    7
 -0.03287813141219352    9    9    8    1
 0.00386901558323892    9    9    8    2
 -0.03759352580964497    9    9    8    3
 6.79282496600974e-05    9    9    8    4
 7.709038742799214e-05    9    9    8    5
 -0.0003289330837819227    9    9    8    6
 -0.0001152148587905693    9    9    8    7
 0.2600695581271573    9    9    8    8
 -0.006850144505055981    9    9    9    1
 -0.0174139607546995    9    9    9    2
 0.0009743757760336648    9    9    9    3
 0.0001407910795926043    9    9    9    4
 -0.0003630581721869724    9    9    9    5
 -2.859081119764744e-05    9    9    9    6
 0.0003990424754588583    9    9    9    7
 -0.004515889221906244    9    9    9    8
 0.435739967660714    9    9    9    9
 0.0003767308231665246   10    1    1    1
 -3.676686364706191e-05   10    1    2    1
 5.564830515585171e-05   10    1    2    2
 6.422987419367738e-05   10    1    3    1
 5.258794793220903e-08   10    1    3    2
 0.0003047488541951443   10    1    3    3
 0.001595332423683283   10    1    4    1
 0.0004797927596345702   10    1    4    2
 -0.001206587225207263   10    1    4    3
 4.194636700188356e-05   10    1    4    4
 -0.006526503387271096   10    1    5    1
 0.002297503027520502   10    1    5    2
 0.004675798606491993   10    1    5    3
 1.604562389665261e-05   10    1    5    4
 4.015005549892672e-06   10    1    5    5
 -0.002089542649231418   10    1    6    1
 -0.001860076940747931   10    1    6    2
 0.001028509218776182   10    1    6    3
 -4.786566040080825e-06   10    1    6    4
 3.547764746126922e-05   10    1    6    5
 9.779450668493184e-05   10    1    6    6
 0.005575938868361816   10    1    7    1
 0.0007055576046232455   10    1    7    2
 -0.004009937988592824   10    1    7    3
 3.35156385508416e-05   10    1    7    4
 3.28603123221399e-06   10    1    7    5
 -1.045418038925695e-05   10    1    7    6
 7.142411753935275e-05   10    1    7    7
 0.0001260900476389121   10    1    8    1
 4.310075721440245e-05   10    1    8    2
 5.033440584649725e-06   10    1    8    3
 -0.00176455317771844   10    1    8    4
 0.002329787853175108   10    1    8    5
 0.003001752126674531   10    1    8    6
 -0.004542793869718054   10    1    8    7
 0.0005040934389449212   10    1    8    8
 0.0001091251978667844   10    1    9    1
 4.715056308912431e-05   10    1    9    2
 7.322519374011674e-05   10    1    9    3
 -0.0009286477441372028   10    1    9    4
 0.00504623779119401   10    1    9    5
 1.025043562979389e-05   10    1    9    6
 -0.003018086277968356   10    1    9    7
 4.990283547917047e-05   10    1    9    8
 -5.020927153091272e-05   10    1    9    9
 0.01301032491327256   10    1   10    1
 -0.0006265477603611194   10    2    1    1
 3.641532597542522e-05   10    2    2    1
 -0.0005081127780284103   10    2    2    2
 5.484086123383379e-05   10    2    3    1
 0.0002004321028005498   10    2    3    2
 -0.001051946769095024   10    2    3    3
 -0.0006097390727030595   10    2    4    1
 -0.001215537229778246   10    2    4    2
 0.000885401112820663   10    2    4    3
 -0.0008273372421619875   10    2    4    4
 0.00222030034984215   10    2    5    1
 -0.006969934345387899   10    2    5    2
 0.004835612639307905   10    2    5    3
 -4.810677051135952e-06   10    2    5    4
 -0.0007587792638198461   10    2    5    5
 0.000639391262816879   10    2    6    1
 0.005660421807355978   10    2    6    2
 -0.003971238429381141   10    2    6    3
 -6.554060956491771e-06   10    2    6    4
 7.386199818238174e-05   10    2    6    5
 -0.0006174728378788632   10    2    6    6
 -0.001904661615845284   10    2    7    1
 -0.002564479394022367   10    2    7    2
 0.001254211688727437   10    2    7    3
 7.371465367060159e-05   10    2    7    4
 1.894138969543944e-05   10    2    7    5
 -2.913907732703955e-06   10    2    7    6
 -0.0006402281666415631   10    2    7    7
 0.0001463071979259954   10    2    8    1
 -0.0002086291157095099   10    2    8    2
 0.0001918700636571889   10    2    8    3
 -0.0006290117504815572   10    2    8    4
 -0.005133287044791122   10    2    8    5
 0.003028484278947802   10    2    8    6
 -0.0002046003222853587   10    2    8    7
 -0.0004508096799829324   10    2    8    8
 3.614997497243216e-05   10    2    9    1
 -0.0003885655809925307   10    2    9    2
 -0.0002646332357814312   10    2    9    3
 -0.001597725697961126   10    2    9    4
 -0.00255248017249392   10    2    9    5
 0.004386627215208408   10    2    9    6
 -0.003259206149677723   10    2    9    7
 0.000117749532956978   10    2    9    8
 0.0002474288366243114   10    2    9    9
 0.0009463739557888386   10    2   10    1
 0.01306395800219912   10    2   10    2
 -0.0008600493941510959   10    3    1    1
 -5.152623364187963e-06   10    3    2    1
 -0.000525561152946472   10    3    2    2
 0.0003273238336976977   10    3    3    1
 0.0001204702709585421   10    3    3    2
 -0.002537745192909772   10    3    3    3
 -0.004745079701383587   10    3    4    1
 0.003881357629335204   10    3    4    2
 0.001069395304227287   10    3    4    3
 -0.00102730207441225   10    3    4    4
 0.01372251474156498   10    3    5    1
 0.01397184849627502   10    3    5    2
 -0.03322751125400983   10    3    5    3
 1.20102313156009e-05   10    3    5    4
 -0.001053456429520428   10    3    5    5
 0.004289412540148712   10    3    6    1
 -0.01282285447136262   10    3    6    2
 0.01022694338952001   10    3    6    3
 -0.0001638633998142035   10    3    6    4
 0.0001242902147073136   10    3    6    5
 -0.0007957538730335597   10    3    6    6
 -0.0131107752914865   10    3    7    1
 0.005126065645075808   10    3    7    2
 0.009741119656053529   10    3    7    3
 5.886051176452314e-05   10    3    7    4
 8.282433979152398e-05   10    3    7    5
 -1.231938495768985e-05   10    3    7    6
 -0.0007752311351579847   10    3    7    7
 0.0003010540253266067   10    3    8    1
 -3.284025409036519e-05   10    3    8    2
 0.0003556771860590967   10    3    8    3
 0.002543717810893229   10    3    8    4
 -0.0001535274352260582   10    3    8    5
 -0.005063309610890578   10    3    8    6
 0.005441843332891963   10    3    8    7
 -0.0003234424121303273   10    3    8    8
 5.098446718450982e-05   10    3    9    1
 -0.0003101108716477684   10    3    9    2
 -0.0003933080613863197   10    3    9    3
 0.00250532100197107   10    3    9    4
 0.0003764200740188059   10    3    9    5
 -0.005127735704901947   10    3    9    6
 0.005383230330396913   10    3    9    7
 7.918847430042382e-05   10    3    9    8
 -0.00019476227577844   10    3    9    9
 -0.004359812168466991   10    3   10    1
 -0.004417220617192464   10    3   10    2
 0.02541216561677648   10    3   10    3
 0.01200735286903467   10    4    1    1
 -0.0001124532924829701   10    4    2    1
 -0.006891664433598724   10    4    2    2
 -0.001345363445141064   10    4    3    1
 0.0006685806930813045   10    4    3    2
 0.005070671113622974   10    4    3    3
 -0.0001801357185633953   10    4    4    1
 -0.0002872240530013968   10    4    4    2
 0.0002081161630381438   10    4    4    3
 0.003177541888099289   10    4    4    4
 -1.784988830320749e-05   10    4    5    1
 7.990606392244879e-05   10    4    5    2
 -4.132117854640395e-06   10    4    5    3
 -0.002800619280872677   10    4    5    4
 0.002974276735670879   10    4    5    5
 -0.0002021651200976617   10    4    6    1
 0.0001060077085059278   10    4    6    2
 1.050820830616617e-05   10    4    6    3
 0.007705181887542966   10    4    6    4
 0.005818121627412557   10    4    6    5
 0.0001984399775343581   10    4    6    6
 -7.500948231597926e-05   10    4    7    1
 0.0001642717308229747   10    4    7    2
 -3.798533450853803e-05   10    4    7    3
 0.007347921393537645   10    4    7    4
 -0.00609945306741541   10    4    7    5
 5.537770443004585e-05   10    4    7    6
 0.004965882357562863   10    4    7    7
 -0.005601796005808063   10    4    8    1
 -0.001157570199948383   10    4    8    2
 0.001797550632983745   10    4    8    3
 2.833350213979435e-05   10    4    8    4
 -1.978660471014545e-06   10    4    8    5
 0.0001747244132519845   10    4    8    6
 -5.479992427670276e-05   10    4    8    7
 -0.003342267234423305   10    4    8    8
 -0.001695453478168293   10    4    9    1
 -0.004298259025577267   10    4    9    2
 0.003743414068886312   10    4    9    3
 -0.0001099221262804612   10    4    9    4
 -1.384250732174393e-06   10    4    9    5
 -1.63873951397648e-05   10    4    9    6
 0.000211582188845798   10    4    9    7
 -0.0001517111951758145   10    4    9    8
 0.00591505630954318   10    4    9    9
 -1.660288861550516e-05   10    4   10    1
 6.325180217946114e-05   10    4   10    2
 -3.709338046745251e-05   10    4   10    3
 0.01197195755042633   10    4   10    4
 -0.08159341954802138   10    5    1    1
 0.001714312188777871   10    5    2    1
 -0.08314226397477747   10    5    2    2
 0.01055682039802165   10    5    3    1
 0.01051251414954953   10    5    3    2
 -0.1609737962094122   10    5    3    3
 8.518212078333194e-05   10    5    4    1
 2.680541766519085e-05   10    5    4    2
 -4.28013713605943e-06   10    5    4    3
 -0.09480016721972517   10    5    4    4
 -0.0001259617491882695   10    5    5    1
 -0.0002146121612653368   10    5    5    2
 0.0001212401457126967   10    5    5    3
 0.0001725498532541295   10    5    5    4
 -0.1011254544208385   10    5    5    5
 -4.005175695702434e-05   10    5    6    1
 0.0001598411517810661   10    5    6    2
 5.157328674464207e-06   10    5    6    3
 -0.003912594310628651   10    5    6    4
 0.007372689530333949   10    5    6    5
 -0.08171427816375733   10    5    6    6
 0.0001670616642452595   10    5    7    1
 -0.0001249580668312301   10    5    7    2
 5.400887294498025e-05   10    5    7    3
 0.004691849120125942   10    5    7    4
 0.006542679749614873   10    5    7    5
 0.0009979367902270275   10    5    7    6
 -0.08181632450899672   10    5    7    7
 0.0201387511912973   10    5    8    1
 -0.008771619536614829   10    5    8    2
 0.03127139776278659   10    5    8    3
 -6.154118837898414e-07   10    5    8    4
 -0.0003428134972795362   10    5    8    5
 0.0003272949165285384   10    5    8    6
 4.300685071767356e-05   10    5    8    7
 -0.04114944787429872   10    5    8    8
 0.008393608084095262   10    5    9    1
 -0.02054836737417234   10    5    9    2
 -0.03106396149470987   10    5    9    3
 -0.0001217232039428441   10    5    9    4
 0.0006876354285356068   10    5    9    5
 -4.823240215144119e-05   10    5    9    6
 -0.0001653632897393775   10    5    9    7
 0.005448924302692564   10    5    9    8
 -0.04117241913124135   10    5    9    9
 -0.0002042674730076081   10    5   10    1
 0.0002643745140455137   10    5   10    2
 0.0006655214206814532   10    5   10    3
 -0.001632486648963716   10    5   10    4
 0.06532580462958712   10    5   10    5
 0.003192758395230236   10    6    1    1
 -0.0003769558906366961   10    6    2    1
 0.04648083013771517   10    6    2    2
 -0.001489817768985996   10    6    3    1
 -0.005044119309640888   10    6    3    2
 0.04907354975146257   10    6    3    3
 -0.0001052051287495753   10    6    4    1
 5.252910317547118e-05   10    6    4    2
 -1.970129141009881e-05   10    6    4    3
 0.02973989302456474   10    6    4    4
 -5.646038893299999e-05   10    6    5    1
 5.684559976706014e-05   10    6    5    2
 -1.023321756378347e-05   10    6    5    3
 -0.001004759794519151   10    6    5    4
 0.02955195067609759   10    6    5    5
 7.390077263775562e-05   10    6    6    1
 -4.485312125583577e-05   10    6    6    2
 4.054348188345459e-05   10    6    6    3
 -0.01331219128643431   10    6    6    4
 -0.01910929973465071   10    6    6    5
 0.02713366143075391   10    6    6    6
 -9.602297480736843e-05   10    6    7    1
 0.0001150341259786781   10    6    7    2
 -4.226267558705289e-05   10    6    7    3
 -0.01391885189475396   10    6    7    4
 0.01290104500609973   10    6    7    5
 0.0008005676355053196   10    6    7    6
 0.02247644050621924   10    6    7    7
 0.003779441047780819   10    6    8    1
 0.005598264495797943   10    6    8    2
 -0.01559398960988587   10    6    8    3
 0.0001969976221024042   10    6    8    4
 0.0002008558306053122   10    6    8    5
 -0.0002240773295902782   10    6    8    6
 0.0001432232185684038   10    6    8    7
 0.02049646405647879   10    6    8    8
 0.0003987675107764916   10    6    9    1
 0.01615671338977018   10    6    9    2
 0.003501710167524939   10    6    9    3
 2.888920400209095e-05   10    6    9    4
 -0.0001721643698317211   10    6    9    5
 0.0001900314247308293   10    6    9    6
 -0.0001758306477064679   10    6    9    7
 -0.001744347873227849   10    6    9    8
 0.004400684063767325   10    6    9    9
 0.0001196421855348854   10    6   10    1
 -0.0001952833128050141   10    6   10    2
 -0.0001959796322956188   10    6   10    3
 -0.007063463566560535   10    6   10    4
 -0.01822621142039831   10    6   10    5
 0.02809436758847855   10    6   10    6
 0.04620808961810638   10    7    1    1
 -0.0006292547108566958   10    7    2    1
 0.000467362026074342   10    7    2    2
 -0.005021013890988036   10    7    3    1
 -0.001201094326762071   10    7    3    2
 0.04646466994339461   10    7    3    3
 3.430383339184375e-05   10    7    4    1
 2.719984147683455e-05   10    7    4    2
 -4.037238547367949e-05   10    7    4    3
 0.02804821500449171   10    7    4    4
 0.0001266506304313692   10    7    5    1
 -5.332282414872062e-06   10    7    5    2
 6.977917379526124e-07   10    7    5    3
 0.001119969465041213   10    7    5    4
 0.02786949567282244   10    7    5    5
 -5.13248396539551e-05   10    7    6    1
 -4.938531997657063e-05   10    7    6    2
 -3.885962621975389e-05   10    7    6    3
 0.0146578531574854   10    7    6    4
 0.01377324867380937   10    7    6    5
 0.02116806537865669   10    7    6    6
 7.897733332783679e-06   10    7    7    1
 -0.0001708031863957323   10    7    7    2
 3.454790472053318e-05   10    7    7    3
 0.01447496395782055   10    7    7    4
 -0.01992238722747998   10    7    7    5
 0.0007847845672098401   10    7    7    6
 0.02593230235685921   10    7    7    7
 -0.01646883317742505   10    7    8    1
 -0.0006403109562391295   10    7    8    2
 -0.002580954624633136   10    7    8    3
 -0.0001528672992688034   10    7    8    4
 2.009474585322905e-05   10    7    8    5
 5.660674288989101e-05   10    7    8    6
 -0.0002355822614353978   10    7    8    7
 0.003138288132534784   10    7    8    8
 -0.005569097560712492   10    7    9    1
 -0.004670439346576175   10    7    9    2
 0.01547614413473122   10    7    9    3
 0.0001541429459524291   10    7    9    4
 -0.0002470729165546648   10    7    9    5
 -0.0001751560776756799   10    7    9    6
 0.0002459506290616595   10    7    9    7
 -0.001577157304803297   10    7    9    8
 0.02030598838926782   10    7    9    9
 -1.992351473610952e-06   10    7   10    1
 3.744276033697429e-05   10    7   10    2
 -0.0002252152710921319   10    7   10    3
 0.008592865467201222   10    7   10    4
 -0.01656380118954564   10    7   10    5
 -0.01198140961421577   10    7   10    6
 0.02952759154962893   10    7   10    7
 0.0006583198245415162   10    8    1    1
 5.955115375250137e-05   10    8    2    1
 -0.001284146115576912   10    8    2    2
 0.0001809249658484177   10    8    3    1
 -5.49684487258566e-05   10    8    3    2
 -0.0004779823906739998   10    8    3    3
 -0.0009901289949823971   10    8    4    1
 -0.003577341388263928   10    8    4    2
 0.0003890068900972249   10    8    4    3
 -0.0003588968773691712   10    8    4    4
 2.055863977448117e-05   10    8    5    1
 -0.01276950421426281   10    8    5    2
 0.01327416055243863   10    8    5    3
 5.166210216218109e-06   10    8    5    4
 -0.000467998841209854   10    8    5    5
 0.002222908812069686   10    8    6    1
 0.0117700359216722   10    8    6    2
 -0.005947728250424477   10    8    6    3
 0.0004804143333147224   10    8    6    4
 0.0004712566563796093   10    8    6    5
 -0.0004105246826469707   10    8    6    6
 -0.002288257576715583   10    8    7    1
 -0.004854098792200138   10    8    7    2
 -0.001909346620877396   10    8    7    3
 0.0003177191211959961   10    8    7    4
 -0.0002992017678480734   10    8    7    5
 7.910894383017258e-05   10    8    7    6
 -0.0003618075483331733   10    8    7    7
 0.0004899147493754401   10    8    8    1
 -5.161930923654397e-05   10    8    8    2
 0.0003694415756123347   10    8    8    3
 -0.00230639436240166   10    8    8    4
 0.003227047364498384   10    8    8    5
 0.003194359263211976   10    8    8    6
 -0.005380341382944013   10    8    8    7
 0.0007011821969075224   10    8    8    8
 4.850186462939661e-05   10    8    9    1
 -1.145408332589603e-05   10    8    9    2
 3.004506160732142e-05   10    8    9    3
 -0.0008376426553886364   10    8    9    4
 -0.008390861848562232   10    8    9    5
 0.004693813805687038   10    8    9    6
 1.117811615145091e-05   10    8    9    7
 0.0002786690054274159   10    8    9    8
 -0.0009167319573757841   10    8    9    9
 -0.003595020608679155   10    8   10    1
 0.0002607426438801611   10    8   10    2
 -0.005598892705626687   10    8   10    3
 -6.523233357761376e-05   10    8   10    4
 0.0003496807385952741   10    8   10    5
 -2.261604024123638e-05   10    8   10    6
 -0.0001773898655597021   10    8   10    7
 0.01382822738287712   10    8   10    8
 0.001304767150348244   10    9    1    1
 1.468503208069375e-05   10    9    2    1
 -0.0008946381518916565   10    9    2    2
 0.0001381880086340338   10    9    3    1
 -0.0003513048641223397   10    9    3    2
 0.0005431478276206553   10    9    3    3
 -0.004341279058711935   10    9    4    1
 -0.0009363653040553554   10    9    4    2
 0.001202331187402262   10    9    4    3
 0.0003646476490712373   10    9    4    4
 0.01244838069744249   10    9    5    1
 -0.0001707018609473662   10    9    5    2
 -0.01320667995734883   10    9    5    3
 1.770465326707627e-05   10    9    5    4
 0.0007627435149770702   10    9    5    5
 0.004155754949871436   10    9    6    1
 0.002099869267326646   10    9    6    2
 0.002219458806043501   10    9    6    3
 0.0004516499877589876   10    9    6    4
 0.0003638505113608919   10    9    6    5
 0.0003905329917066264   10    9    6    6
 -0.01201979943854864   10    9    7    1
 -0.002285553616699228   10    9    7    2
 0.005876566660976647   10    9    7    3
 0.0005312935378770993   10    9    7    4
 -0.0006453048336289742   10    9    7    5
 -0.0001236919727467737   10    9    7    6
 0.0005314893183332559   10    9    7    7
 4.897156261131286e-05   10    9    8    1
 3.565014296706707e-06   10    9    8    2
 5.930825949014374e-05   10    9    8    3
 0.001365572987906821   10    9    8    4
 -0.008301100361226672   10    9    8    5
 0.0002527683408098019   10    9    8    6
 0.00471384556819386   10    9    8    7
 0.0009998810366441014   10    9    8    8
 -3.866784531255097e-05   10    9    9    1
 0.0006740074868042553   10    9    9    2
 0.0004196858993907528   10    9    9    3
 0.002107266058264273   10    9    9    4
 0.003425387104816695   10    9    9    5
 -0.005206376660403973   10    9    9    6
 0.00348104001277731   10    9    9    7
 -0.0003441520734622184   10    9    9    8
 -0.0009221786289248501   10    9    9    9
 -0.0001381234913338911   10    9   10    1
 0.003635592561723474   10    9   10    2
 0.005571214628650679   10    9   10    3
 -4.419243814681827e-05   10    9   10    4
 -0.0003300247756644262   10    9   10    5
 0.0002234897898592658   10    9   10    6
 -5.364845430877219e-05   10    9   10    7
 -0.004465081025255147   10    9   10    8
 0.01381386258375394   10    9   10    9
 0.4175260646649152   10   10    1    1
 -0.001543941333969173   10   10    2    1
 0.4179143219688953   10   10    2    2
 -0.01841189905872464   10   10    3    1
 -0.01832339459593602   10   10    3    2
 0.5192643677382087   10   10    3    3
 5.978939700958628e-05   10   10    4    1
 -0.000152589370069766   10   10    4    2
 -6.01731905819662e-05   10   10    4    3
 0.4391247358161722   10   10    4    4
 -0.0005296341148930788   10   10    5    1
 -0.0001979395998843091   10   10    5    2
 0.0006140276224202166   10   10    5    3
 -0.0007455877718750335   10   10    5    4
 0.4615521074197831   10   10    5    5
 -0.0001086341285069438   10   10    6    1
 0.0002041122927639766   10   10    6    2
 -0.0002264627034816509   10   10    6    3
 0.002513768420188715   10   10    6    4
 -0.01817456579823731   10   10    6    5
 0.4222621471994684   10   10    6    6
 0.0003293743891338136   10   10    7    1
 -1.778050886811874e-05   10   10    7    2
 -0.00028825647228438   10   10    7    3
 -0.001812091713777808   10   10    7    4
 -0.01729129718826095   10   10    7    5
 -0.008668858376476268   10   10    7    6
 0.4235024418911043   10   10    7    7
 -0.04298307750163289   10   10    8    1
 0.009884326024485019   10   10    8    2
 -0.03743875665375271   10   10    8    3
 -0.0001221132783707781   10   10    8    4
 0.0007539579609150235   10   10    8    5
 -0.0003779259858819085   10   10    8    6
 -0.0004267178610646235   10   10    8    7
 0.3398997495474673   10   10    8    8
 -0.00933914534890398   10   10    9    1
 0.04312768204155989   10   10    9    2
 0.03752961900764457   10   10    9    3
 0.0001412646580730863   10   10    9    4
 -0.001158685231436429   10   10    9    5
 0.0002849924018397763   10   10    9    6
 -2.427036647702151e-05   10   10    9    7
 -0.02579251718059768   10   10    9    8
 0.3400527291257998   10   10    9    9
 -6.999929963359375e-05   10   10   10    1
 -0.0006763707819248516   10   10   10    2
 -0.00105425873808041   10   10   10    3
 0.001954977606807781   10   10   10    4
 -0.0648760233004733   10   10   10    5
 0.0200089092066709   10   10   10    6
 0.01863073389710625   10   10   10    7
 -0.000155229091298222   10   10   10    8
 0.0002537829391987228   10   10   10    9
 0.41900114045253   10   10   10   10
 -5.104439506083264    1    1  0  0
 -0.03036526265979284    2    1  0  0
 -5.104224020532402    2    2  0  0
 0.4139898139727531    3    1  0  0
 0.4114589642822017    3    2  0  0
 -6.652205326885454    3    3  0  0
 0.0004972038112614654    4    1  0  0
 0.0008846691134255255    4    2  0  0
 0.001262757548463    4    3  0  0
 -5.216024290833221    4    4  0  0
 0.0007809937303967147    5    1  0  0
 0.0004817595731436083    5    2  0  0
 -0.0003335620349650859    5    3  0  0
 0.0001101901231341962    5    4  0  0
 -5.187219806066007    5    5  0  0
 0.0001563384456804623    6    1  0  0
 0.0005221064896002271    6    2  0  0
 0.000642312461580807    6    3  0  0
 -0.1839255772554254    6    4  0  0
 0.2173341656406362    6    5  0  0
 -4.584869777644572    6    6  0  0
 -0.0004909448246947965    7    1  0  0
 -0.0003030181332426188    7    2  0  0
 0.001842810356301459    7    3  0  0
 0.1823650219241832    7    4  0  0
 0.2202177471262169    7    5  0  0
 -0.02177387105132114    7    6  0  0
 -4.58581125487451    7    7  0  0
 0.4614427553144693    8    1  0  0
 -0.128466164326085    8    2  0  0
 0.4761851566927922    8    3  0  0
 0.0006095158964715604    8    4  0  0
 -0.00715448623461058    8    5  0  0
 0.006709618799123384    8    6  0  0
 0.003425381923717597    8    7  0  0
 -3.068913760334127    8    8  0  0
 0.1234247790165119    9    1  0  0
 -0.4612585461856645    9    2  0  0
 -0.4785398108209666    9    3  0  0
 -0.002269521464632601    9    4  0  0
 0.01212444879242353    9    5  0  0
 -0.0005618592065286097    9    6  0  0
 -0.0009404766694223378    9    7  0  0
 0.1639399857530125    9    8  0  0
 -3.070604152368244    9    9  0  0
 -0.001501367831424148   10    1  0  0
 0.006403941788069128   10    2  0  0
 0.01038825047236077   10    3  0  0
 -0.02795436288942356   10    4  0  0
 0.8902562574956613   10    5  0  0
 -0.2668469871159731   10    6  0  0
 -0.2494500243667742   10    7  0  0
 0.003490905383003077   10    8  0  0
 -0.003419429411685026   10    9  0  0
 -3.518352669687178   10   10  0  0
 -77.43932730153415  0  0  0  0
