 &FCI NORB=  10,NELEC=10,MS2=0,
  ORBSYM=1,1,1,1,1,1,1,1,1,1,
  ISYM=1,
 &END
 0.6098009161745824    1    1    1    1
 -2.960630872406167e-14    1    1    2    1
 0.49115031628091    1    1    2    2
 0.09719804325950379    1    1    3    1
 1.48377295693114e-13    1    1    3    2
 0.5181993133250756    1    1    3    3
 0.5189299166189421    1    1    4    4
 0.5189299166189416    1    1    5    5
 5.02281322003334e-14    1    1    6    4
 -1.251648524408511e-13    1    1    6    5
 0.4958149615626289    1    1    6    6
 -1.249464128081496e-13    1    1    7    4
 -5.081688108504734e-14    1    1    7    5
 0.4958149615626296    1    1    7    7
 9.174475415485439e-14    1    1    8    1
 -0.08344109882470294    1    1    8    2
 1.376329605839999e-13    1    1    8    3
 0.5345450863095103    1    1    8    8
 4.510276971781552e-14    1    1    9    1
 -0.03845332659017331    1    1    9    2
 -2.98281622383538e-13    1    1    9    3
 -0.1377325061702144    1    1    9    8
 0.4119392783375783    1    1    9    9
 0.06698623437949269    1    1   10    4
 -0.08245685336815912    1    1   10    5
 2.599657482013108e-13    1    1   10    6
 -8.185466193744162e-14    1    1   10    7
 1.103674770153423e-15    1    1   10    8
 0.4630902634355448    1    1   10   10
 -2.958473310082921e-14    2    1    1    1
 0.1265685540546957    2    1    2    1
 -1.082430010153259e-14    2    1    2    2
 5.720261504055246e-14    2    1    3    1
 -0.1134844384672015    2    1    3    2
 7.677278951456756e-14    2    1    3    3
 -3.191659447582956e-14    2    1    4    4
 -1.207286224116921e-15    2    1    5    4
 -3.553684039744875e-14    2    1    5    5
 -0.05171419493152258    2    1    6    4
 0.1286048960694819    2    1    6    5
 6.551554546270488e-14    2    1    6    6
 0.1286048960694821    2    1    7    4
 0.05171419493152259    2    1    7    5
 1.681814409959514e-15    2    1    7    6
 6.474000209619885e-14    2    1    7    7
 -0.06532801534912405    2    1    8    1
 -1.129128800007873e-13    2    1    8    2
 -0.1045321193587736    2    1    8    3
 7.099626875978204e-14    2    1    8    8
 0.006226429197650513    2    1    9    1
 1.623975781595791e-13    2    1    9    2
 0.07591055191675489    2    1    9    3
 -5.582429253559416e-14    2    1    9    8
 -5.550178507974027e-13    2    1    9    9
 -7.06969959258911e-14    2    1   10    4
 8.713208377465059e-14    2    1   10    5
 -0.06679294973853074    2    1   10    6
 0.0206551788404453    2    1   10    7
 -4.149927150103603e-13    2    1   10   10
 0.4911503162809099    2    2    1    1
 -1.080190624447308e-14    2    2    2    1
 0.507470646248932    2    2    2    2
 -0.005854720116442397    2    2    3    1
 4.48507333702941e-14    2    2    3    2
 0.5055856824018624    2    2    3    3
 0.4632569117390656    2    2    4    4
 0.463256911739065    2    2    5    5
 2.546140381864959e-15    2    2    6    4
 -7.230327447871332e-15    2    2    6    5
 0.4732655531860301    2    2    6    6
 -6.808627012883095e-15    2    2    7    4
 -3.508044549294098e-15    2    2    7    5
 0.4732655531860308    2    2    7    7
 -3.395591099963902e-14    2    2    8    1
 -0.01181600695493287    2    2    8    2
 1.261404175556535e-14    2    2    8    3
 0.4670628232924869    2    2    8    8
 1.269510755200209e-13    2    2    9    1
 -0.07247041383624346    2    2    9    2
 -1.943266511247876e-13    2    2    9    3
 -0.09588229008420482    2    2    9    8
 0.4290690950861509    2    2    9    9
 0.06205043170403643    2    2   10    4
 -0.07638111614790327    2    2   10    5
 1.505713922414411e-13    2    2   10    6
 -4.789442429350803e-14    2    2   10    7
 0.4275281777533602    2    2   10   10
 0.09719804325950381    3    1    1    1
 5.720017558566437e-14    3    1    2    1
 -0.005854720116442426    3    1    2    2
 0.08028136475795396    3    1    3    1
 2.796802503132745e-14    3    1    3    2
 0.02113976432964502    3    1    3    3
 0.04470460165341436    3    1    4    4
 0.04470460165341435    3    1    5    5
 7.143130488149185e-15    3    1    6    4
 -1.739656595861616e-14    3    1    6    5
 0.02043007845738595    3    1    6    6
 -1.756814095241199e-14    3    1    7    4
 -6.934990776086281e-15    3    1    7    5
 0.02043007845738591    3    1    7    7
 5.054984208996416e-14    3    1    8    1
 -0.05237522637307528    3    1    8    2
 3.92430771038732e-14    3    1    8    3
 0.06033423667364772    3    1    8    8
 -5.564740833928494e-14    3    1    9    1
 0.02308268941110857    3    1    9    2
 -4.912346571184223e-14    3    1    9    3
 -0.03700519771287458    3    1    9    8
 -0.003411387800909537    3    1    9    9
 0.006396965355466702    3    1   10    4
 -0.007874358652983119    3    1   10    5
 4.987278493830127e-14    3    1   10    6
 -1.556961753534231e-14    3    1   10    7
 0.02992781964145917    3    1   10   10
 1.483663181461176e-13    3    2    1    1
 -0.1134844384672015    3    2    2    1
 4.492109809128841e-14    3    2    2    2
 2.796959712447755e-14    3    2    3    1
 0.1524814599175839    3    2    3    2
 -7.598869450342605e-14    3    2    3    3
 7.673394797173827e-14    3    2    4    4
 1.028799441471495e-15    3    2    5    4
 7.979706305449863e-14    3    2    5    5
 0.04436068410885265    3    2    6    4
 -0.1103178958300403    3    2    6    5
 -3.694229167364171e-14    3    2    6    6
 -0.1103178958300405    3    2    7    4
 -0.04436068410885265    3    2    7    5
 -1.466247913015084e-15    3    2    7    6
 -3.627198368050255e-14    3    2    7    7
 0.01100889594986676    3    2    8    1
 1.950501392344872e-14    3    2    8    2
 0.1047341997743189    3    2    8    3
 1.72928078107093e-14    3    2    8    8
 0.01663404732157028    3    2    9    1
 -1.200314126521482e-13    3    2    9    2
 -0.07128347378087854    3    2    9    3
 2.742107214036282e-14    3    2    9    8
 6.639957680909525e-13    3    2    9    9
 5.039648846892966e-14    3    2   10    4
 -6.212464895814784e-14    3    2   10    5
 0.04989179728963201    3    2   10    6
 -0.01542863430530779    3    2   10    7
 3.95234124833492e-13    3    2   10   10
 0.5181993133250756    3    3    1    1
 7.676698903294477e-14    3    3    2    1
 0.5055856824018623    3    3    2    2
 0.02113976432964503    3    3    3    1
 -7.599731391069731e-14    3    3    3    2
 0.530880404227128    3    3    3    3
 0.4634791252453295    3    3    4    4
 0.463479125245329    3    3    5    5
 -2.115587436138378e-14    3    3    6    4
 5.201373186325409e-14    3    3    6    5
 0.4667587139339633    3    3    6    6
 5.240756830240945e-14    3    3    7    4
 2.034592112842848e-14    3    3    7    5
 0.4667587139339641    3    3    7    7
 1.429672352726286e-14    3    3    8    1
 -0.0116360200724385    3    3    8    2
 -5.209548070705949e-14    3    3    8    3
 0.4922832679737948    3    3    8    8
 6.662281403641002e-14    3    3    9    1
 -0.06924239205859326    3    3    9    2
 -1.72252836994069e-13    3    3    9    3
 -0.1095203435543259    3    3    9    8
 0.4449146705850336    3    3    9    9
 0.06222954755701037    3    3   10    4
 -0.07660159920328616    3    3   10    5
 1.370359759979398e-13    3    3   10    6
 -4.369596445945637e-14    3    3   10    7
 0.4261169528521647    3    3   10   10
 0.07966748860232789    4    1    4    1
 -1.972858307795651e-14    4    1    4    2
 -0.003676098018295118    4    1    4    3
 1.760106175326717e-14    4    1    6    1
 -0.0255239549259382    4    1    6    2
 6.568533718385156e-15    4    1    6    3
 -4.349855052577281e-14    4    1    7    1
 0.06347397605007606    4    1    7    2
 -1.617249053558098e-14    4    1    7    3
 2.427249482135629e-14    4    1    8    4
 0.01339625124965544    4    1    8    6
 -0.03331432505067302    4    1    8    7
 2.1705788479532e-14    4    1    9    4
 -0.001611669014922786    4    1    9    6
 0.004007961961643284    4    1    9    7
 0.01253377549271127    4    1   10    1
 -2.654372676934098e-14    4    1   10    2
 -0.001969573346597706    4    1   10    3
 4.030177999279913e-14    4    1   10    8
 5.011797725960887e-14    4    1   10    9
 -1.974426496297344e-14    4    2    4    1
 0.0514278031509258    4    2    4    2
 -6.206424846707088e-15    4    2    4    3
 -0.01801702685660828    4    2    6    1
 -7.119479877087885e-15    4    2    6    2
 0.01003218993236289    4    2    6    3
 0.04480545176122992    4    2    7    1
 1.741298600727375e-14    4    2    7    2
 -0.02494844491554469    4    2    7    3
 -0.02120316947308256    4    2    8    4
 5.552856622865338e-15    4    2    8    6
 -1.373714645725235e-14    4    2    8    7
 -0.001722713004263591    4    2    9    4
 -1.054898559455474e-14    4    2    9    6
 2.626489588428323e-14    4    2    9    7
 -2.679777613080579e-14    4    2   10    1
 0.01459456178435048    4    2   10    2
 -4.785262414186366e-15    4    2   10    3
 -0.009060403247267234    4    2   10    8
 -0.008440585536685041    4    2   10    9
 -0.003676098018295115    4    3    4    1
 -6.212563085080607e-15    4    3    4    2
 0.02046640819240762    4    3    4    3
 4.263760254876491e-15    4    3    6    1
 0.007828071724934228    4    3    6    2
 -6.179998321560821e-15    4    3    6    3
 -1.044620111696539e-14    4    3    7    1
 -0.01946715697581056    4    3    7    2
 1.530224133919457e-14    4    3    7    3
 1.272858856212139e-14    4    3    8    4
 0.003184415293856641    4    3    8    6
 -0.007919129330946443    4    3    8    7
 -1.267537625830898e-14    4    3    9    4
 -0.002508822840156796    4    3    9    6
 0.00623903941736581    4    3    9    7
 -0.001566848387641782    4    3   10    1
 -1.599524340336613e-15    4    3   10    2
 0.004953091773832865    4    3   10    3
 5.658409388205868e-15    4    3   10    8
 -3.683812694992017e-14    4    3   10    9
 0.5189299166189423    4    4    1    1
 -3.192815365755856e-14    4    4    2    1
 0.4632569117390656    4    4    2    2
 0.04470460165341434    4    4    3    1
 7.672327160504628e-14    4    4    3    2
 0.4634791252453293    4    4    3    3
 0.4930848739553439    4    4    4    4
 0.4562087656807715    4    4    5    5
 3.569703126843349e-14    4    4    6    4
 -7.468537507188122e-14    4    4    6    5
 0.4515223062728969    4    4    6    6
 -8.874666409738885e-14    4    4    7    4
 -3.084425076460562e-14    4    4    7    5
 -0.0120738754644732    4    4    7    6
 0.4766929864590969    4    4    7    7
 6.021281752855312e-14    4    4    8    1
 -0.05648399682255616    4    4    8    2
 8.24741485576576e-14    4    4    8    3
 0.4653078271787435    4    4    8    8
 6.777505684826027e-14    4    4    9    1
 -0.04297391080318613    4    4    9    2
 -2.17548649738214e-13    4    4    9    3
 -0.10191248057902    4    4    9    8
 0.3841257228303035    4    4    9    9
 0.05606881667586825    4    4   10    4
 -0.06487421131023405    4    4   10    5
 1.925944958527069e-13    4    4   10    6
 -7.080509850578443e-14    4    4   10    7
 0.4296054967430669    4    4   10   10
 0.07966748860232785    5    1    5    1
 -2.12755636146849e-14    5    1    5    2
 -0.003676098018295066    5    1    5    3
 -4.330668695145487e-14    5    1    6    1
 0.06347397605007597    5    1    6    2
 -1.602170035398634e-14    5    1    6    3
 -1.736378068303255e-14    5    1    7    1
 0.0255239549259382    5    1    7    2
 -6.356077749488669e-15    5    1    7    3
 2.510535182520535e-14    5    1    8    5
 -0.03331432505067301    5    1    8    6
 -0.01339625124965544    5    1    8    7
 2.16349290912965e-14    5    1    9    5
 0.004007961961643321    5    1    9    6
 0.001611669014922769    5    1    9    7
 -0.0154284786646899    5    1   10    1
 3.260716302678592e-14    5    1   10    2
 0.002424450667254686    5    1   10    3
 -4.950668607097837e-14    5    1   10    8
 -6.168779679779912e-14    5    1   10    9
 -2.125267178522094e-14    5    2    5    1
 0.05142780315092572    5    2    5    2
 -5.625798722278967e-15    5    2    5    3
 0.04480545176122986    5    2    6    1
 1.711932752484003e-14    5    2    6    2
 -0.02494844491554461    5    2    6    3
 0.01801702685660827    5    2    7    1
 6.700316667025754e-15    5    2    7    2
 -0.01003218993236287    5    2    7    3
 -0.02120316947308254    5    2    8    5
 -1.369702420060681e-14    5    2    8    6
 -5.46828207714789e-15    5    2    8    7
 -0.001722713004263554    5    2    9    5
 2.627836370814457e-14    5    2    9    6
 1.058114912962788e-14    5    2    9    7
 3.295601062278193e-14    5    2   10    1
 -0.01796520810838629    5    2   10    2
 5.883135043425665e-15    5    2   10    3
 0.01115292341683003    5    2   10    8
 0.01038995743508929    5    2   10    9
 -0.003676098018295064    5    3    5    1
 -5.615676040921564e-15    5    3    5    2
 0.02046640819240759    5    3    5    3
 -1.030002100607189e-14    5    3    6    1
 -0.01946715697581048    5    3    6    2
 1.523335061943158e-14    5    3    6    3
 -4.062519406524657e-15    5    3    7    1
 -0.007828071724934211    5    3    7    2
 6.077327366729645e-15    5    3    7    3
 1.28792714882732e-14    5    3    8    5
 -0.007919129330946432    5    3    8    6
 -0.003184415293856642    5    3    8    7
 -1.286025051640965e-14    5    3    9    5
 0.006239039417365794    5    3    9    6
 0.002508822840156803    5    3    9    7
 0.001928715488289442    5    3   10    1
 1.932690827881716e-15    5    3   10    2
 -0.006097019274142162    5    3   10    3
 -6.933510033759001e-15    5    3   10    8
 4.53935933980576e-14    5    3   10    9
 -1.215765719436926e-15    5    4    2    1
 1.023597896721888e-15    5    4    3    2
 0.01843805413728596    5    4    5    4
 -6.597647437576063e-15    5    4    6    4
 1.745407155480085e-15    5    4    6    5
 -0.01207387546447311    5    4    6    6
 -4.155541733405466e-15    5    4    7    4
 -8.038405349881407e-15    5    4    7    5
 0.01258534009309974    5    4    7    6
 0.01207387546447313    5    4    7    7
 -0.002071911294368608    5    4   10    4
 0.001683177685163613    5    4   10    5
 -8.01277826218311e-15    5    4   10    6
 4.536419627259019e-15    5    4   10    7
 -0.01429378747886665    5    4   10   10
 0.5189299166189417    5    5    1    1
 -3.553849492969692e-14    5    5    2    1
 0.4632569117390651    5    5    2    2
 0.04470460165341435    5    5    3    1
 7.983834102750902e-14    5    5    3    2
 0.4634791252453289    5    5    3    3
 0.4562087656807716    5    5    4    4
 0.4930848739553429    5    5    5    5
 3.101913257502753e-14    5    5    6    4
 -9.332714722559698e-14    5    5    6    5
 0.4766929864590958    5    5    6    6
 -7.811457101818131e-14    5    5    7    4
 -3.800735767778285e-14    5    5    7    5
 0.01207387546447301    5    5    7    6
 0.4515223062728971    5    5    7    7
 6.22556241093265e-14    5    5    8    1
 -0.05648399682255613    5    5    8    2
 8.517820177812092e-14    5    5    8    3
 0.4653078271787433    5    5    8    8
 6.749369247841771e-14    5    5    9    1
 -0.04297391080318606    5    5    9    2
 -2.197735393573346e-13    5    5    9    3
 -0.10191248057902    5    5    9    8
 0.3841257228303032    5    5    9    9
 0.05270246130554106    5    5   10    4
 -0.06901803389897128    5    5   10    5
 2.040226338838758e-13    5    5   10    6
 -5.412079238811904e-14    5    5   10    7
 0.4355884901047952    5    5   10   10
 1.759619596138338e-14    6    1    4    1
 -0.01801702685660828    6    1    4    2
 4.264496781720122e-15    6    1    4    3
 -4.329613261114284e-14    6    1    5    1
 0.04480545176122987    6    1    5    2
 -1.029980754298363e-14    6    1    5    3
 0.04759394430556585    6    1    6    1
 2.017519062327809e-15    6    1    6    2
 -0.02016990531991768    6    1    6    3
 0.009581961107438291    6    1    8    4
 -0.02382879814711718    6    1    8    5
 -0.0004220289369033637    6    1    9    4
 0.001049518176598123    6    1    9    5
 2.250370029210913e-14    6    1    9    6
 5.080301834640328e-14    6    1   10    1
 -0.02123460014250975    6    1   10    2
 1.241517165952496e-14    6    1   10    3
 0.01618755754815007    6    1   10    8
 0.008383662594589125    6    1   10    9
 -0.0255239549259382    6    2    4    1
 -7.12399182912512e-15    6    2    4    2
 0.00782807172493423    6    2    4    3
 0.06347397605007597    6    2    5    1
 1.712088779263265e-14    6    2    5    2
 -0.01946715697581048    6    2    5    3
 2.015125144661609e-15    6    2    6    1
 0.07487218342320759    6    2    6    2
 -3.984164446893918e-14    6    2    6    3
 3.398052238895444e-15    6    2    8    4
 -8.295230821686594e-15    6    2    8    5
 -0.02274971804669689    6    2    8    6
 -1.119352006917484e-14    6    2    9    4
 2.791110441727196e-14    6    2    9    5
 -0.00180897454679817    6    2    9    6
 -0.01953744094370461    6    2   10    1
 1.799365327524839e-14    6    2   10    2
 0.008265557531859511    6    2   10    3
 -3.3844164738406e-14    6    2   10    8
 -1.055866548707596e-13    6    2   10    9
 6.568518134620899e-15    6    3    4    1
 0.01003218993236289    6    3    4    2
 -6.177516694776838e-15    6    3    4    3
 -1.601824920971912e-14    6    3    5    1
 -0.02494844491554461    6    3    5    2
 1.522858163798968e-14    6    3    5    3
 -0.02016990531991768    6    3    6    1
 -3.983953796504187e-14    6    3    6    2
 0.0260921181848973    6    3    6    3
 0.001003583319202453    6    3    8    4
 -0.002495750511711557    6    3    8    5
 7.950556174789875e-15    6    3    8    6
 -0.002288120442111274    6    3    9    4
 0.005690188004315381    6    3    9    5
 -9.670710684073908e-15    6    3    9    6
 1.490128577768028e-15    6    3   10    1
 0.009765843645226212    6    3   10    2
 -2.099540405873427e-15    6    3   10    3
 -0.0005300541115016147    6    3   10    8
 -0.01492174347408216    6    3   10    9
 5.022309650023796e-14    6    4    1    1
 -0.05171419493152257    6    4    2    1
 2.566991463134669e-15    6    4    2    2
 7.143960604110196e-15    6    4    3    1
 0.04436068410885263    6    4    3    2
 -2.119462660156664e-14    6    4    3    3
 3.568277739799709e-14    6    4    4    4
 -6.603136819879202e-15    6    4    5    4
 3.104997812683474e-14    6    4    5    5
 0.03714298626687768    6    4    6    4
 -0.05453261965504573    6    4    6    5
 -1.982355929798854e-14    6    4    6    6
 -0.05453261965504581    6    4    7    4
 -0.006713983555546203    6    4    7    5
 4.203838069750249e-15    6    4    7    6
 -1.514070037964346e-14    6    4    7    7
 0.02767896013493705    6    4    8    1
 2.539722339484925e-14    6    4    8    2
 0.04009796410321349    6    4    8    3
 -4.499501794813e-15    6    4    8    8
 -0.003014449506885304    6    4    9    1
 -5.50183228859089e-14    6    4    9    2
 -0.02870314454122649    6    4    9    3
 1.030801035726539e-14    6    4    9    8
 2.206685897378213e-13    6    4    9    9
 4.155524369230047e-14    6    4   10    4
 -4.218223484403353e-14    6    4   10    5
 0.03054912174271329    6    4   10    6
 -0.01268878477249938    6    4   10    7
 2.257933559091443e-13    6    4   10   10
 -1.252082985180268e-13    6    5    1    1
 0.1286048960694819    6    5    2    1
 -7.258965656399276e-15    6    5    2    2
 -1.739260065339801e-14    6    5    3    1
 -0.1103178958300403    6    5    3    2
 5.198898815196096e-14    6    5    3    3
 -7.473711184429951e-14    6    5    4    4
 1.757125803365789e-15    6    5    5    4
 -9.327841233794376e-14    6    5    5    5
 -0.05453261965504573    6    5    6    4
 0.1508283669958488    6    5    6    5
 4.846882444009548e-14    6    5    6    6
 0.1203993642845176    6    5    7    4
 0.05453261965504574    6    5    7    5
 3.739359082793881e-15    6    5    7    6
 3.812355704561898e-14    6    5    7    7
 -0.0688331278516166    6    5    8    1
 -6.32035074028425e-14    6    5    8    2
 -0.09971719588635117    6    5    8    3
 1.048930763941022e-14    6    5    8    8
 0.00749645171993923    6    5    9    1
 1.372612709889768e-13    6    5    9    2
 0.07138010995781095    6    5    9    3
 -2.557794951475103e-14    6    5    9    8
 -5.49703376350949e-13    6    5    9    9
 -7.616925058756161e-14    6    5   10    4
 1.076499390388445e-13    6    5   10    5
 -0.07155372035810886    6    5   10    6
 0.01727152882547862    6    5   10    7
 -4.992721053210733e-13    6    5   10   10
 0.4958149615626288    6    6    1    1
 6.556266037184684e-14    6    6    2    1
 0.4732655531860301    6    6    2    2
 0.02043007845738595    6    6    3    1
 -3.69652527954387e-14    6    6    3    2
 0.4667587139339633    6    6    3    3
 0.4515223062728969    6    6    4    4
 -0.01207387546447311    6    6    5    4
 0.4766929864590958    6    6    5    5
 -1.986041539558947e-14    6    6    6    4
 4.845429613098418e-14    6    6    6    5
 0.4836135655844354    6    6    6    6
 3.892269536190374e-14    6    6    7    4
 1.54116086212297e-14    6    6    7    5
 0.4464618816042853    6    6    7    7
 -9.436837144294753e-15    6    6    8    1
 -0.04054167926379651    6    6    8    2
 -1.942468726129473e-14    6    6    8    3
 0.4561581735401443    6    6    8    8
 8.650591946893829e-14    6    6    9    1
 -0.0508602119098604    6    6    9    2
 -1.487536829029021e-13    6    6    9    3
 -0.09455804904224259    6    6    9    8
 0.3944660272780515    6    6    9    9
 0.05824450533924393    6    6   10    4
 -0.07551368188778919    6    6   10    5
 1.380582828259915e-13    6    6   10    6
 -4.080316080909278e-14    6    6   10    7
 0.4388428228599323    6    6   10   10
 -4.349289604360618e-14    7    1    4    1
 0.0448054517612299    7    1    4    2
 -1.044585892644026e-14    7    1    4    3
 -1.735685577629055e-14    7    1    5    1
 0.01801702685660828    7    1    5    2
 -4.062230113077177e-15    7    1    5    3
 0.04759394430556591    7    1    7    1
 1.676804972726455e-15    7    1    7    2
 -0.02016990531991775    7    1    7    3
 -0.02382879814711717    7    1    8    4
 -0.0095819611074383    7    1    8    5
 0.001049518176598107    7    1    9    4
 0.0004220289369033475    7    1    9    5
 2.248855534301222e-14    7    1    9    7
 -1.600334119625249e-14    7    1   10    1
 0.006566628143626764    7    1   10    2
 -3.786176592835784e-15    7    1   10    3
 -0.005005871090525564    7    1   10    8
 -0.002592579769377886    7    1   10    9
 0.06347397605007606    7    2    4    1
 1.741507136928611e-14    7    2    4    2
 -0.01946715697581056    7    2    4    3
 0.02552395492593821    7    2    5    1
 6.688438916479194e-15    7    2    5    2
 -0.007828071724934216    7    2    5    3
 1.67463168874106e-15    7    2    7    1
 0.07487218342320774    7    2    7    2
 -3.972274879934406e-14    7    2    7    3
 -8.373293378105551e-15    7    2    8    4
 -3.284807321979333e-15    7    2    8    5
 -0.02274971804669688    7    2    8    7
 2.787833440660858e-14    7    2    9    4
 1.123927340085373e-14    7    2    9    5
 -0.001808974546798238    7    2    9    7
 0.006041795404404226    7    2   10    1
 -5.918435594834819e-15    7    2   10    2
 -0.002556056735102722    7    2   10    3
 1.06870399064401e-14    7    2   10    8
 3.283153913666292e-14    7    2   10    9
 -1.617903165603979e-14    7    3    4    1
 -0.02494844491554469    7    3    4    2
 1.530729492370675e-14    7    3    4    3
 -6.358146541117071e-15    7    3    5    1
 -0.01003218993236287    7    3    5    2
 6.075350212079282e-15    7    3    5    3
 -0.02016990531991774    7    3    7    1
 -3.97242928733644e-14    7    3    7    2
 0.02609211818489738    7    3    7    3
 -0.002495750511711554    7    3    8    4
 -0.001003583319202462    7    3    8    5
 7.983475263251966e-15    7    3    8    7
 0.005690188004315391    7    3    9    4
 0.002288120442111279    7    3    9    5
 -9.69131730161471e-15    7    3    9    7
 -0.003020008066863544    7    3   10    2
 0.0001639149417870784    7    3   10    8
 0.00461442833824444    7    3   10    9
 -1.249459824521672e-13    7    4    1    1
 0.1286048960694821    7    4    2    1
 -6.764450831970718e-15    7    4    2    2
 -1.757481676306136e-14    7    4    3    1
 -0.1103178958300405    7    4    3    2
 5.236753093389656e-14    7    4    3    3
 -8.879977645131348e-14    7    4    4    4
 -4.148726718070095e-15    7    4    5    4
 -7.809627510652062e-14    7    4    5    5
 -0.0545326196550458    7    4    6    4
 0.1203993642845176    7    4    6    5
 3.893201950058711e-14    7    4    6    6
 0.1508283669958493    7    4    7    4
 0.05453261965504579    7    4    7    5
 4.805263988365976e-14    7    4    7    7
 -0.06883312785161667    7    4    8    1
 -6.31847316643869e-14    7    4    8    2
 -0.09971719588635129    7    4    8    3
 1.07285288761311e-14    7    4    8    8
 0.007496451719939245    7    4    9    1
 1.370477977160913e-13    7    4    9    2
 0.07138010995781112    7    4    9    3
 -2.571252463176514e-14    7    4    9    8
 -5.494009381549342e-13    7    4    9    9
 -8.221532602528366e-14    7    4   10    4
 8.757484314277347e-14    7    4   10    5
 -0.06289503932396713    7    4   10    6
 0.02430566138666935    7    4   10    7
 -4.529532673415437e-13    7    4   10   10
 -5.084186610511651e-14    7    5    1    1
 0.05171419493152256    7    5    2    1
 -3.50838623236469e-15    7    5    2    2
 -6.93632906447024e-15    7    5    3    1
 -0.04436068410885263    7    5    3    2
 2.035406063220562e-14    7    5    3    3
 -3.081055071176616e-14    7    5    4    4
 -8.039338780189281e-15    7    5    5    4
 -3.800762872832597e-14    7    5    5    5
 -0.006713983555546205    7    5    6    4
 0.05453261965504572    7    5    6    5
 1.543741940919843e-14    7    5    6    6
 0.05453261965504581    7    5    7    4
 0.03714298626687768    7    5    7    5
 5.517836892694056e-15    7    5    7    6
 1.853444969116685e-14    7    5    7    7
 -0.02767896013493706    7    5    8    1
 -2.542976787545651e-14    7    5    8    2
 -0.04009796410321347    7    5    8    3
 3.721054602243655e-15    7    5    8    8
 0.003014449506885295    7    5    9    1
 5.529490034437292e-14    7    5    9    2
 0.02870314454122654    7    5    9    3
 -1.017582806376682e-14    7    5    9    8
 -2.215308286205447e-13    7    5    9    9
 -2.213023287775287e-14    7    5   10    4
 3.62931772918758e-14    7    5   10    5
 -0.02351498918152264    7    5   10    6
 0.004030103738357531    7    5   10    7
 -1.570759920245003e-13    7    5   10   10
 1.69424267892975e-15    7    6    2    1
 -1.473186107926621e-15    7    6    3    2
 -0.0120738754644732    7    6    4    4
 0.01258534009309974    7    6    5    4
 0.01207387546447303    7    6    5    5
 4.20921164676763e-15    7    6    6    4
 3.744725883547684e-15    7    6    6    5
 5.53040686163131e-15    7    6    7    5
 0.01857584199007538    7    6    7    6
 -1.318974190599677e-15    7    6    8    3
 -0.004249578500558247    7    6   10    4
 -0.0003510284801714911    7    6   10    5
 -2.454389878897491e-15    7    6   10    6
 5.300409887880981e-15    7    6   10    7
 -0.007956694033723236    7    6   10   10
 0.4958149615626296    7    7    1    1
 6.47577902396073e-14    7    7    2    1
 0.4732655531860308    7    7    2    2
 0.02043007845738592    7    7    3    1
 -3.630556370200068e-14    7    7    3    2
 0.4667587139339641    7    7    3    3
 0.476692986459097    7    7    4    4
 0.01207387546447312    7    7    5    4
 0.4515223062728969    7    7    5    5
 -1.509578052838467e-14    7    7    6    4
 3.816391647148976e-14    7    7    6    5
 0.4464618816042853    7    7    6    6
 4.80414319437017e-14    7    7    7    4
 1.85607822514311e-14    7    7    7    5
 0.4836135655844369    7    7    7    7
 -9.042738364417179e-15    7    7    8    1
 -0.04054167926379652    7    7    8    2
 -1.881815912835197e-14    7    7    8    3
 0.4561581735401447    7    7    8    8
 8.64442763624734e-14    7    7    9    1
 -0.05086021190986057    7    7    9    2
 -1.490237990229572e-13    7    7    9    3
 -0.0945580490422428    7    7    9    8
 0.3944660272780521    7    7    9    9
 0.05754244837890114    7    7   10    4
 -0.06701452488667285    7    7   10    5
 1.28370592625336e-13    7    7   10    6
 -4.416358509161411e-14    7    7   10    7
 0.415573689798228    7    7   10   10
 9.173006321541721e-14    8    1    1    1
 -0.06532801534912409    8    1    2    1
 -3.391572775662127e-14    8    1    2    2
 5.055634730299907e-14    8    1    3    1
 0.01100889594986677    8    1    3    2
 1.424061606483673e-14    8    1    3    3
 6.018477410234604e-14    8    1    4    4
 6.218045826497653e-14    8    1    5    5
 0.02767896013493705    8    1    6    4
 -0.06883312785161659    8    1    6    5
 -9.476387773446615e-15    8    1    6    6
 -0.06883312785161666    8    1    7    4
 -0.02767896013493705    8    1    7    5
 -9.07753689924351e-15    8    1    7    7
 0.08233772142390235    8    1    8    1
 3.914280195544545e-14    8    1    8    2
 0.05149157623416051    8    1    8    3
 4.766342485626462e-15    8    1    8    8
 -0.02667568513498709    8    1    9    1
 -7.578420042116812e-14    8    1    9    2
 -0.04456052762511155    8    1    9    3
 -3.602668293897771e-14    8    1    9    8
 1.456749217781939e-13    8    1    9    9
 6.620024623968379e-14    8    1   10    4
 -8.156000289201437e-14    8    1   10    5
 0.04612013708105986    8    1   10    6
 -0.01426227892740611    8    1   10    7
 2.535446489261919e-13    8    1   10   10
 -0.08344109882470295    8    2    1    1
 -1.129363529778216e-13    8    2    2    1
 -0.01181600695493281    8    2    2    2
 -0.05237522637307532    8    2    3    1
 1.948452250238875e-14    8    2    3    2
 -0.01163602007243848    8    2    3    3
 -0.05648399682255612    8    2    4    4
 -0.05648399682255609    8    2    5    5
 2.53765649986526e-14    8    2    6    4
 -6.32656904295259e-14    8    2    6    5
 -0.04054167926379652    8    2    6    6
 -6.320199355189238e-14    8    2    7    4
 -2.544167133911035e-14    8    2    7    5
 -0.04054167926379654    8    2    7    7
 3.911817701360287e-14    8    2    8    1
 0.05393712071422208    8    2    8    2
 3.321930404365236e-14    8    2    8    3
 -0.04841446597991773    8    2    8    8
 -9.335929382001118e-15    8    2    9    1
 -0.0124205711760846    8    2    9    2
 0.03390423188933325    8    2    9    8
 0.006632627081187862    8    2    9    9
 -0.01178078898498206    8    2   10    4
 0.01450158825756117    8    2   10    5
 -9.382157052130469e-15    8    2   10    6
 3.154614969854558e-15    8    2   10    7
 -0.04359675559141793    8    2   10   10
 1.376603908989638e-13    8    3    1    1
 -0.1045321193587736    8    3    2    1
 1.279968427254918e-14    8    3    2    2
 3.92417218511576e-14    8    3    3    1
 0.1047341997743189    8    3    3    2
 -5.203227172040359e-14    8    3    3    3
 8.24442307500485e-14    8    3    4    4
 8.525938201969785e-14    8    3    5    5
 0.04009796410321347    8    3    6    4
 -0.09971719588635117    8    3    6    5
 -1.942624663561765e-14    8    3    6    6
 -0.09971719588635132    8    3    7    4
 -0.04009796410321347    8    3    7    5
 -1.307602030126143e-15    8    3    7    6
 -1.885453327753889e-14    8    3    7    7
 0.05149157623416054    8    3    8    1
 3.31901390052125e-14    8    3    8    2
 0.1116724714721503    8    3    8    3
 4.53706083120009e-15    8    3    8    8
 -0.01105100892744109    8    3    9    1
 -9.497944761954237e-14    8    3    9    2
 -0.06783564480393559    8    3    9    3
 1.304439547914274e-14    8    3    9    8
 5.6033611995146e-13    8    3    9    9
 6.274044318135114e-14    8    3   10    4
 -7.732471110080078e-14    8    3   10    5
 0.05110282049021913    8    3   10    6
 -0.0158031334236425    8    3   10    7
 3.82314253361991e-13    8    3   10   10
 2.427120367543984e-14    8    4    4    1
 -0.02120316947308255    8    4    4    2
 1.272930351826381e-14    8    4    4    3
 0.009581961107438294    8    4    6    1
 3.399566886374982e-15    8    4    6    2
 0.001003583319202456    8    4    6    3
 -0.02382879814711719    8    4    7    1
 -8.362369127304774e-15    8    4    7    2
 -0.002495750511711551    8    4    7    3
 0.02458278926676389    8    4    8    4
 -0.004975258250305673    8    4    9    4
 4.393002549728763e-15    8    4    9    6
 -1.091963027161427e-14    8    4    9    7
 2.426507191528939e-14    8    4   10    1
 -0.007392654534987512    8    4   10    2
 8.481909687304957e-15    8    4   10    3
 0.008501054430923496    8    4   10    8
 -0.002900440492860468    8    4   10    9
 2.510867585019521e-14    8    5    5    1
 -0.02120316947308255    8    5    5    2
 1.288166599008015e-14    8    5    5    3
 -0.02382879814711718    8    5    6    1
 -8.304305152530567e-15    8    5    6    2
 -0.002495750511711556    8    5    6    3
 -0.0095819611074383    8    5    7    1
 -3.287802277910976e-15    8    5    7    2
 -0.00100358331920246    8    5    7    3
 0.02458278926676387    8    5    8    5
 -0.00497525825030568    8    5    9    5
 -1.089953187384182e-14    8    5    9    6
 -4.376300754074802e-15    8    5    9    7
 -2.984056814167035e-14    8    5   10    1
 0.009100004450758309    8    5   10    2
 -1.044203403573245e-14    8    5   10    3
 -0.01046439175419593    8    5   10    8
 0.003570303639818944    8    5   10    9
 0.01339625124965545    8    6    4    1
 5.5531578422273e-15    8    6    4    2
 0.003184415293856634    8    6    4    3
 -0.03331432505067301    8    6    5    1
 -1.368633444549298e-14    8    6    5    2
 -0.007919129330946436    8    6    5    3
 -0.02274971804669689    8    6    6    2
 7.950756795322308e-15    8    6    6    3
 0.02625225288439365    8    6    8    6
 4.440133156979886e-15    8    6    9    4
 -1.101755405658045e-14    8    6    9    5
 -0.004545491777724274    8    6    9    6
 0.01217235375355088    8    6   10    1
 -1.366259129009803e-14    8    6   10    2
 0.00211273147750714    8    6   10    3
 2.36264768710233e-14    8    6   10    8
 -3.082481644066382e-15    8    6   10    9
 -0.03331432505067301    8    7    4    1
 -1.373784799985216e-14    8    7    4    2
 -0.007919129330946437    8    7    4    3
 -0.01339625124965544    8    7    5    1
 -5.458480536249524e-15    8    7    5    2
 -0.003184415293856644    8    7    5    3
 -0.02274971804669689    8    7    7    2
 7.982407280981543e-15    8    7    7    3
 0.02625225288439367    8    7    8    7
 -1.104068822043586e-14    8    7    9    4
 -4.420739490619552e-15    8    7    9    5
 -0.004545491777724269    8    7    9    7
 -0.003764201830776778    8    7   10    1
 4.388226564284401e-15    8    7   10    2
 -0.0006533451012506204    8    7   10    3
 -7.494805532826644e-15    8    7   10    8
 1.014115278297895e-15    8    7   10    9
 0.53454508630951    8    8    1    1
 7.090920732533146e-14    8    8    2    1
 0.467062823292487    8    8    2    2
 0.06033423667364781    8    8    3    1
 1.733248961022227e-14    8    8    3    2
 0.4922832679737947    8    8    3    3
 0.4653078271787437    8    8    4    4
 0.4653078271787431    8    8    5    5
 -4.410100756802038e-15    8    8    6    4
 1.053399988765191e-14    8    8    6    5
 0.4561581735401443    8    8    6    6
 1.078889581840325e-14    8    8    7    4
 3.724342882704956e-15    8    8    7    5
 0.4561581735401449    8    8    7    7
 4.787836793695988e-15    8    8    8    1
 -0.04841446597991773    8    8    8    2
 4.580971019185753e-15    8    8    8    3
 0.5025223056018796    8    8    8    8
 4.760199125066616e-14    8    8    9    1
 -0.0364308013213961    8    8    9    2
 -1.700069664038739e-13    8    8    9    3
 -0.110305693544915    8    8    9    8
 0.417328172115144    8    8    9    9
 0.06133936262471053    8    8   10    4
 -0.0755058240919797    8    8   10    5
 1.576578494491554e-13    8    8   10    6
 -5.006978447304189e-14    8    8   10    7
 0.4250595794397083    8    8   10   10
 4.511685079353067e-14    9    1    1    1
 0.006226429197650493    9    1    2    1
 1.269639741377417e-13    9    1    2    2
 -5.565724747400025e-14    9    1    3    1
 0.01663404732157029    9    1    3    2
 6.658676431417487e-14    9    1    3    3
 6.773341991992733e-14    9    1    4    4
 6.7512022448174e-14    9    1    5    5
 -0.003014449506885285    9    1    6    4
 0.007496451719939214    9    1    6    5
 8.646677666403202e-14    9    1    6    6
 0.007496451719939202    9    1    7    4
 0.003014449506885278    9    1    7    5
 8.642208720573488e-14    9    1    7    7
 -0.02667568513498713    9    1    8    1
 -9.328868515352806e-15    9    1    8    2
 -0.01105100892744116    9    1    8    3
 4.748236309345955e-14    9    1    8    8
 0.01751963798016191    9    1    9    1
 -8.02078943627077e-14    9    1    9    2
 -0.003341856369782423    9    1    9    3
 -4.318900380557988e-14    9    1    9    8
 6.163331563863172e-14    9    1    9    9
 2.309404837502749e-14    9    1   10    4
 -2.84355330081032e-14    9    1   10    5
 -0.00258994086959643    9    1   10    6
 0.0008009182414777023    9    1   10    7
 3.675285444905418e-14    9    1   10   10
 -0.03845332659017325    9    2    1    1
 1.623749284985695e-13    9    2    2    1
 -0.07247041383624347    9    2    2    2
 0.02308268941110856    9    2    3    1
 -1.200493019879942e-13    9    2    3    2
 -0.06924239205859324    9    2    3    3
 -0.04297391080318617    9    2    4    4
 -0.04297391080318613    9    2    5    5
 -5.503942841853654e-14    9    2    6    4
 1.371977076218556e-13    9    2    6    5
 -0.05086021190986045    9    2    6    6
 1.370345216423693e-13    9    2    7    4
 5.528796821405169e-14    9    2    7    5
 -0.05086021190986059    9    2    7    7
 -7.577207090936344e-14    9    2    8    1
 -0.01242057117608457    9    2    8    2
 -9.498912073580001e-14    9    2    8    3
 -0.03643080132139613    9    2    8    8
 -8.019550735288705e-14    9    2    9    1
 0.04295854769763596    9    2    9    2
 2.463568628610635e-13    9    2    9    3
 0.03141935158361717    9    2    9    8
 -0.05172180243468599    9    2    9    9
 -0.01808784182684428    9    2   10    4
 0.02226526890305626    9    2   10    5
 -1.665780821656984e-13    9    2   10    6
 5.186969560463939e-14    9    2   10    7
 -0.04278509360761647    9    2   10   10
 -2.981621297516029e-13    9    3    1    1
 0.0759105519167549    9    3    2    1
 -1.943101509229751e-13    9    3    2    2
 -4.913251879998248e-14    9    3    3    1
 -0.07128347378087857    9    3    3    2
 -1.721231664142397e-13    9    3    3    3
 -2.176384716705542e-13    9    3    4    4
 -2.197126215772865e-13    9    3    5    5
 -0.02870314454122654    9    3    6    4
 0.07138010995781104    9    3    6    5
 -1.487202423927983e-13    9    3    6    6
 0.07138010995781113    9    3    7    4
 0.02870314454122654    9    3    7    5
 -1.49107986970997e-13    9    3    7    7
 -0.04456052762511163    9    3    8    1
 -0.06783564480393546    9    3    8    3
 -1.698272869988388e-13    9    3    8    8
 -0.003341856369782458    9    3    9    1
 2.463824703611249e-13    9    3    9    2
 0.08661543343532006    9    3    9    3
 1.973950923507203e-13    9    3    9    8
 -4.345714326586814e-13    9    3    9    9
 -1.34750548122075e-13    9    3   10    4
 1.660053930256644e-13    9    3   10    5
 -0.05808242389566824    9    3   10    6
 0.0179615192583643    9    3   10    7
 -4.139948542943202e-13    9    3   10   10
 2.1704599342565e-14    9    4    4    1
 -0.001722713004263578    9    4    4    2
 -1.267243879804969e-14    9    4    4    3
 -0.0004220289369033603    9    4    6    1
 -1.119560645027597e-14    9    4    6    2
 -0.002288120442111271    9    4    6    3
 0.001049518176598097    9    4    7    1
 2.788226319634306e-14    9    4    7    2
 0.005690188004315398    9    4    7    3
 -0.004975258250305655    9    4    8    4
 4.441479092333073e-15    9    4    8    6
 -1.103760840863964e-14    9    4    8    7
 0.00737401918683536    9    4    9    4
 1.341690024055445e-14    9    4    9    6
 -3.340282728420216e-14    9    4    9    7
 1.418418612421735e-14    9    4   10    1
 -0.003289034182491233    9    4   10    2
 -2.124558256710112e-14    9    4   10    3
 -0.003378005698519075    9    4   10    8
 0.002580844749634719    9    4   10    9
 2.163382954524002e-14    9    5    5    1
 -0.001722713004263565    9    5    5    2
 -1.28627246496468e-14    9    5    5    3
 0.001049518176598117    9    5    6    1
 2.789878026048078e-14    9    5    6    2
 0.005690188004315382    9    5    6    3
 0.000422028936903352    9    5    7    1
 1.123601705549421e-14    9    5    7    2
 0.002288120442111278    9    5    7    3
 -0.004975258250305664    9    5    8    5
 -1.101329517492165e-14    9    5    8    6
 -4.421979546854332e-15    9    5    8    7
 0.007374019186835346    9    5    9    5
 -3.344057276639771e-14    9    5    9    6
 -1.347113576016714e-14    9    5    9    7
 -1.747962408291167e-14    9    5   10    1
 0.004048643901553144    9    5   10    2
 2.617666429721883e-14    9    5   10    3
 0.004158163585992932    9    5   10    8
 -0.003176896552820156    9    5   10    9
 -0.00161166901492278    9    6    4    1
 -1.054515900005979e-14    9    6    4    2
 -0.002508822840156803    9    6    4    3
 0.004007961961643318    9    6    5    1
 2.628766068808898e-14    9    6    5    2
 0.006239039417365796    9    6    5    3
 2.250926888201298e-14    9    6    6    1
 -0.001808974546798182    9    6    6    2
 -9.670483735334441e-15    9    6    6    3
 4.396805727661934e-15    9    6    8    4
 -1.090201876257496e-14    9    6    8    5
 -0.004545491777724272    9    6    8    6
 1.342233819207582e-14    9    6    9    4
 -3.345213646019363e-14    9    6    9    5
 0.01047877344648424    9    6    9    6
 0.002724565837683043    9    6   10    1
 -4.477719962450316e-14    9    6   10    2
 -0.008668875003383954    9    6   10    3
 -1.043090365869754e-14    9    6   10    8
 9.22722456168229e-15    9    6   10    9
 0.00400796196164328    9    7    4    1
 2.626524745664099e-14    9    7    4    2
 0.006239039417365816    9    7    4    3
 0.001611669014922766    9    7    5    1
 1.059219159780048e-14    9    7    5    2
 0.002508822840156808    9    7    5    3
 2.249247013398583e-14    9    7    7    1
 -0.001808974546798242    9    7    7    2
 -9.697527691093581e-15    9    7    7    3
 -1.092394336338169e-14    9    7    8    4
 -4.376842855161045e-15    9    7    8    5
 -0.004545491777724261    9    7    8    7
 -3.341489411556875e-14    9    7    9    4
 -1.347687694948363e-14    9    7    9    5
 0.01047877344648426    9    7    9    7
 -0.0008425499227120779    9    7   10    1
 1.391685260170459e-14    9    7   10    2
 0.002680779397246302    9    7   10    3
 3.298380622753941e-15    9    7   10    8
 -2.891445221274436e-15    9    7   10    9
 -0.1377325061702147    9    8    1    1
 -5.584286288592977e-14    9    8    2    1
 -0.09588229008420465    9    8    2    2
 -0.0370051977128746    9    8    3    1
 2.740743829804382e-14    9    8    3    2
 -0.109520343554326    9    8    3    3
 -0.10191248057902    9    8    4    4
 -0.1019124805790199    9    8    5    5
 1.035585191818539e-14    9    8    6    4
 -2.556467407557883e-14    9    8    6    5
 -0.09455804904224241    9    8    6    6
 -2.56744156642251e-14    9    8    7    4
 -1.016369063563949e-14    9    8    7    5
 -0.09455804904224252    9    8    7    7
 -3.607574308728267e-14    9    8    8    1
 0.03390423188933332    9    8    8    2
 1.289344065541487e-14    9    8    8    3
 -0.1103056935449147    9    8    8    8
 -4.31539840754086e-14    9    8    9    1
 0.03141935158361723    9    8    9    2
 1.972603666782619e-13    9    8    9    3
 0.0783138790924332    9    8    9    8
 -0.06572856862346452    9    8    9    9
 -0.03154597400671091    9    8   10    4
 0.03883158647627245    9    8   10    5
 -1.1712149533636e-13    9    8   10    6
 3.686385811679186e-14    9    8   10    7
 -0.08987676019888613    9    8   10   10
 0.4119392783375779    9    9    1    1
 -5.549876964244804e-13    9    9    2    1
 0.4290690950861509    9    9    2    2
 -0.003411387800909506    9    9    3    1
 6.639769029731513e-13    9    9    3    2
 0.4449146705850332    9    9    3    3
 0.3841257228303038    9    9    4    4
 0.3841257228303035    9    9    5    5
 2.207735405081179e-13    9    9    6    4
 -5.496933203757992e-13    9    9    6    5
 0.3944660272780519    9    9    6    6
 -5.493022486521837e-13    9    9    7    4
 -2.215827347995525e-13    9    9    7    5
 0.3944660272780525    9    9    7    7
 1.456504188090957e-13    9    9    8    1
 0.006632627081187791    9    9    8    2
 5.5999605994006e-13    9    9    8    3
 0.4173281721151437    9    9    8    8
 6.150914738482782e-14    9    9    9    1
 -0.05172180243468592    9    9    9    2
 -4.346711250484414e-13    9    9    9    3
 -0.065728568623465    9    9    9    8
 0.4111480546892282    9    9    9    9
 0.04801773390693974    9    9   10    4
 -0.05910753575734581    9    9   10    5
 3.510556671138735e-13    9    9   10    6
 -1.095598560333678e-13    9    9   10    7
 0.366742010593874    9    9   10   10
 0.01253377549271128   10    1    4    1
 -2.67987375799667e-14   10    1    4    2
 -0.001566848387641784   10    1    4    3
 -0.0154284786646899   10    1    5    1
 3.295343378424341e-14   10    1    5    2
 0.00192871548828944   10    1    5    3
 5.081404822118835e-14   10    1    6    1
 -0.01953744094370461   10    1    6    2
 1.489182369903072e-15   10    1    6    3
 -1.60018668138535e-14   10    1    7    1
 0.006041795404404227   10    1    7    2
 2.427303692244254e-14   10    1    8    4
 -2.984751660238538e-14   10    1    8    5
 0.01217235375355088   10    1    8    6
 -0.003764201830776782   10    1    8    7
 1.418586385512621e-14   10    1    9    4
 -1.748444054469611e-14   10    1    9    5
 0.002724565837683034   10    1    9    6
 -0.0008425499227120721   10    1    9    7
 0.02011312321691973   10    1   10    1
 -6.625221809085721e-14   10    1   10    2
 -0.003001866600869029   10    1   10    3
 4.836508855018757e-14   10    1   10    8
 1.381533776267929e-14   10    1   10    9
 -2.65494525820434e-14   10    2    4    1
 0.01459456178435047   10    2    4    2
 -1.592672353599644e-15   10    2    4    3
 3.261048113145687e-14   10    2    5    1
 -0.01796520810838628   10    2    5    2
 1.931747422989017e-15   10    2    5    3
 -0.02123460014250975   10    2    6    1
 1.799114390758955e-14   10    2    6    2
 0.009765843645226209   10    2    6    3
 0.006566628143626769   10    2    7    1
 -5.91742985351042e-15   10    2    7    2
 -0.003020008066863545   10    2    7    3
 -0.007392654534987504   10    2    8    4
 0.009100004450758307   10    2    8    5
 -1.366772363689539e-14   10    2    8    6
 4.391045903620605e-15   10    2    8    7
 -0.003289034182491228   10    2    9    4
 0.004048643901553145   10    2    9    5
 -4.477971135173273e-14   10    2    9    6
 1.391609402582109e-14   10    2    9    7
 -6.625285303961203e-14   10    2   10    1
 0.02068105665214682   10    2   10    2
 1.892351234141296e-14   10    2   10    3
 -0.008668010775001914   10    2   10    8
 -0.004396772541687524   10    2   10    9
 -0.001969573346597703   10    3    4    1
 -4.788530864697229e-15   10    3    4    2
 0.004953091773832862   10    3    4    3
 0.002424450667254684   10    3    5    1
 5.883963295922709e-15   10    3    5    2
 -0.006097019274142162   10    3    5    3
 1.241254965041541e-14   10    3    6    1
 0.008265557531859513   10    3    6    2
 -2.09945020553187e-15   10    3    6    3
 -3.788193618821433e-15   10    3    7    1
 -0.002556056735102719   10    3    7    2
 8.480487462223391e-15   10    3    8    4
 -1.043629654301026e-14   10    3    8    5
 0.002112731477507136   10    3    8    6
 -0.0006533451012506204   10    3    8    7
 -2.124598511444448e-14   10    3    9    4
 2.617789882433663e-14   10    3    9    5
 -0.008668875003383951   10    3    9    6
 0.002680779397246298   10    3    9    7
 -0.003001866600869028   10    3   10    1
 1.892056735819014e-14   10    3   10    2
 0.009133197689751928   10    3   10    3
 2.235002644460981e-14   10    3   10    8
 -2.239639138208738e-14   10    3   10    9
 0.06698623437949269   10    4    1    1
 -7.069952270878708e-14   10    4    2    1
 0.06205043170403648   10    4    2    2
 0.006396965355466698   10    4    3    1
 5.03863257692646e-14   10    4    3    2
 0.0622295475570104   10    4    3    3
 0.05606881667586827   10    4    4    4
 -0.00207191129436861   10    4    5    4
 0.05270246130554099   10    4    5    5
 4.153955283046906e-14   10    4    6    4
 -7.616033725985766e-14   10    4    6    5
 0.05824450533924398   10    4    6    6
 -8.220182347307148e-14   10    4    7    4
 -2.216456185255566e-14   10    4    7    5
 -0.004249578500558246   10    4    7    6
 0.0575424483789011   10    4    7    7
 6.620288281613259e-14   10    4    8    1
 -0.01178078898498208   10    4    8    2
 6.276575509616187e-14   10    4    8    3
 0.06133936262471064   10    4    8    8
 2.307823530130597e-14   10    4    9    1
 -0.0180878418268443   10    4    9    2
 -1.347390990909648e-13   10    4    9    3
 -0.03154597400671091   10    4    9    8
 0.04801773390693978   10    4    9    9
 0.03382613740657814   10    4   10    4
 -0.0312318626408624   10    4   10    5
 1.461106185856025e-13   10    4   10    6
 -6.813107139547712e-14   10    4   10    7
 0.04997464634878646   10    4   10   10
 -0.08245685336815912   10    5    1    1
 8.712503403136088e-14   10    5    2    1
 -0.07638111614790334   10    5    2    2
 -0.00787435865298311   10    5    3    1
 -6.211311303768025e-14   10    5    3    2
 -0.0766015992032862   10    5    3    3
 -0.06487421131023408   10    5    4    4
 0.001683177685163617   10    5    5    4
 -0.06901803389897124   10    5    5    5
 -4.218134630647186e-14   10    5    6    4
 1.076614925682451e-13   10    5    6    5
 -0.0755136818877892   10    5    6    6
 8.759785025168679e-14   10    5    7    4
 3.631184166286855e-14   10    5    7    5
 -0.0003510284801714882   10    5    7    6
 -0.06701452488667285   10    5    7    7
 -8.157680178709168e-14   10    5    8    1
 0.01450158825756116   10    5    8    2
 -7.736786492573741e-14   10    5    8    3
 -0.07550582409197969   10    5    8    8
 -2.843725810912845e-14   10    5    9    1
 0.02226526890305625   10    5    9    2
 1.659928926361434e-13   10    5    9    3
 0.03883158647627253   10    5    9    8
 -0.05910753575734575   10    5    9    9
 -0.03123186264086238   10    5   10    4
 0.04689895153166389   10    5   10    5
 -1.929569886846821e-13   10    5   10    6
 4.200234283372861e-14   10    5   10    7
 -0.06151640145589419   10    5   10   10
 2.599165257891051e-13   10    6    1    1
 -0.06679294973853073   10    6    2    1
 1.505600291991737e-13   10    6    2    2
 4.987937742813849e-14   10    6    3    1
 0.04989179728963199   10    6    3    2
 1.369855169253237e-13   10    6    3    3
 1.925473398344674e-13   10    6    4    4
 -8.006036832835031e-15   10    6    5    4
 2.040202723560189e-13   10    6    5    5
 0.03054912174271331   10    6    6    4
 -0.07155372035810889   10    6    6    5
 1.380816034429744e-13   10    6    6    6
 -0.06289503932396719   10    6    7    4
 -0.02351498918152266   10    6    7    5
 -2.42261248496918e-15   10    6    7    6
 1.28351129502274e-13   10    6    7    7
 0.04612013708105983   10    6    8    1
 -9.357035637696761e-15   10    6    8    2
 0.05110282049021916   10    6    8    3
 1.576263244107736e-13   10    6    8    8
 -0.002589940869596455   10    6    9    1
 -1.665672560173296e-13   10    6    9    2
 -0.05808242389566826   10    6    9    3
 -1.171111012072272e-13   10    6    9    8
 3.510414886293695e-13   10    6    9    9
 1.460941615824703e-13   10    6   10    4
 -1.929696840144955e-13   10    6   10    5
 0.0666813921066115   10    6   10    6
 -0.01820948880120217   10    6   10    7
 3.997358982721095e-13   10    6   10   10
 -8.184047673736034e-14   10    7    1    1
 0.0206551788404453   10    7    2    1
 -4.788059775832905e-14   10    7    2    2
 -1.556944929903452e-14   10    7    3    1
 -0.01542863430530779   10    7    3    2
 -4.369729875752618e-14   10    7    3    3
 -7.077293539422777e-14   10    7    4    4
 4.531759251983226e-15   10    7    5    4
 -5.407643666080313e-14   10    7    5    5
 -0.0126887847724994   10    7    6    4
 0.01727152882547863   10    7    6    5
 -4.084381860231922e-14   10    7    6    6
 0.02430566138666935   10    7    7    4
 0.004030103738357534   10    7    7    5
 5.269773129695267e-15   10    7    7    6
 -4.415583262256436e-14   10    7    7    7
 -0.01426227892740612   10    7    8    1
 3.143580886517237e-15   10    7    8    2
 -0.01580313342364251   10    7    8    3
 -5.005372777674938e-14   10    7    8    8
 0.0008009182414777086   10    7    9    1
 5.187063664060644e-14   10    7    9    2
 0.01796151925836434   10    7    9    3
 3.688847901781055e-14   10    7    9    8
 -1.095280075945511e-13   10    7    9    9
 -6.813595210519832e-14   10    7   10    4
 4.200995808344089e-14   10    7   10    5
 -0.01820948880120219   10    7   10    6
 0.01342824248128551   10    7   10    7
 -1.246856742558863e-13   10    7   10   10
 1.103674770153425e-15   10    8    1    1
 4.029730971938918e-14   10    8    4    1
 -0.009060403247267229   10    8    4    2
 5.656137136538202e-15   10    8    4    3
 -4.951756387678793e-14   10    8    5    1
 0.01115292341683003   10    8    5    2
 -6.931290177400029e-15   10    8    5    3
 0.01618755754815007   10    8    6    1
 -3.382011216874951e-14   10    8    6    2
 -0.0005300541115016053   10    8    6    3
 -0.005005871090525577   10    8    7    1
 1.068262096871055e-14   10    8    7    2
 0.0001639149417870815   10    8    7    3
 0.00850105443092348   10    8    8    4
 -0.01046439175419593   10    8    8    5
 2.362918346231202e-14   10    8    8    6
 -7.489126506443622e-15   10    8    8    7
 -0.003378005698519083   10    8    9    4
 0.00415816358599293   10    8    9    5
 -1.04359033079645e-14   10    8    9    6
 3.305031080627976e-15   10    8    9    7
 4.836858825773808e-14   10    8   10    1
 -0.008668010775001915   10    8   10    2
 2.234807120768105e-14   10    8   10    3
 0.01334571324929772   10    8   10    8
 -0.001428167194095827   10    8   10    9
 5.010555562469046e-14   10    9    4    1
 -0.008440585536685034   10    9    4    2
 -3.684351849006096e-14   10    9    4    3
 -6.169882706908409e-14   10    9    5    1
 0.01038995743508928   10    9    5    2
 4.539153451533693e-14   10    9    5    3
 0.00838366259458913   10    9    6    1
 -1.055642522667889e-13   10    9    6    2
 -0.01492174347408215   10    9    6    3
 -0.002592579769377898   10    9    7    1
 3.282946539429963e-14   10    9    7    2
 0.004614428338244449   10    9    7    3
 -0.002900440492860473   10    9    8    4
 0.00357030363981894   10    9    8    5
 -3.079069795354841e-15   10    9    8    6
 1.024820080685294e-15   10    9    8    7
 0.002580844749634712   10    9    9    4
 -0.003176896552820158   10    9    9    5
 9.220327172392798e-15   10    9    9    6
 -2.87894979123654e-15   10    9    9    7
 1.382009762001424e-14   10    9   10    1
 -0.004396772541687531   10    9   10    2
 -2.239778843721395e-14   10    9   10    3
 -0.001428167194095825   10    9   10    8
 0.01255320748987434   10    9   10    9
 0.4630902634355448   10   10    1    1
 -4.150775193655884e-13   10   10    2    1
 0.4275281777533602   10   10    2    2
 0.02992781964145916   10   10    3    1
 3.951444526937396e-13   10   10    3    2
 0.4261169528521647   10   10    3    3
 0.4296054967430669   10   10    4    4
 -0.01429378747886666   10   10    5    4
 0.4355884901047953   10   10    5    5
 2.257987633674796e-13   10   10    6    4
 -4.992335754863686e-13   10   10    6    5
 0.4388428228599323   10   10    6    6
 -4.530204065610749e-13   10   10    7    4
 -1.57141660794835e-13   10   10    7    5
 -0.007956694033723247   10   10    7    6
 0.415573689798228   10   10    7    7
 2.535787461433084e-13   10   10    8    1
 -0.04359675559141792   10   10    8    2
 3.824169526892973e-13   10   10    8    3
 0.4250595794397081   10   10    8    8
 3.66092241946642e-14   10   10    9    1
 -0.04278509360761641   10   10    9    2
 -4.139084083175477e-13   10   10    9    3
 -0.08987676019888628   10   10    9    8
 0.366742010593874   10   10    9    9
 0.04997464634878645   10   10   10    4
 -0.06151640145589417   10   10   10    5
 3.997035052969868e-13   10   10   10    6
 -1.246539524484951e-13   10   10   10    7
 0.4274566793493185   10   10   10   10
 -5.569954888270746    1    1  0  0
 -4.452230462679812e-13    2    1  0  0
 -4.857794562720455    2    2  0  0
 -0.4062834119083371    3    1  0  0
 -1.059180767050345e-13    3    2  0  0
 -4.729923428673992    3    3  0  0
 -4.609518541945839    4    4  0  0
 -4.609518541945832    5    5  0  0
 -1.737601107451451e-14    6    4  0  0
 4.438086800717334e-14    6    5  0  0
 -4.377684099438993    6    6  0  0
 4.2790664940807e-14    7    4  0  0
 2.193224509251227e-14    7    5  0  0
 -4.377684099438999    7    7  0  0
 -1.162932594917007e-13    8    1  0  0
 0.4249059560439614    8    2  0  0
 -1.586890581058824e-13    8    3  0  0
 -4.249126200785057    8    8  0  0
 -5.620696052805402e-13    9    1  0  0
 0.3912549686751338    9    2  0  0
 1.573543251103354e-12    9    3  0  0
 -3.90418888319817e-15    9    4  0  0
 5.658662026343131e-15    9    5  0  0
 -1.504631817309554e-15    9    6  0  0
 0.9770377457987782    9    8  0  0
 -3.076456188547252    9    9  0  0
 2.050485106257394e-15   10    1  0  0
 -2.218712795592758e-15   10    2  0  0
 -5.941177529668672e-15   10    3  0  0
 -0.5102415896748913   10    4  0  0
 0.6280830133517576   10    5  0  0
 -1.432741293676292e-12   10    6  0  0
 4.557335541047034e-13   10    7  0  0
 -8.130982594743084e-15   10    8  0  0
 -1.269570948613387e-15   10    9  0  0
 -3.314852980029839   10   10  0  0
 -80.64653390297761  0  0  0  0
