 &FCI NORB=  10,NELEC=10,MS2=0,
  ORBSYM=1,1,1,1,1,1,1,1,1,1,
  ISYM=1,
 &END
 0.4523605734710736    1    1    1    1
 -6.035423282751337e-09    1    1    2    1
 0.4511541169538341    1    1    2    2
 -0.0172402179244499    1    1    3    1
 -1.548286723100103e-09    1    1    3    2
 0.4321024643562671    1    1    3    3
 0.4251499906726004    1    1    4    4
 4.654490227940875e-15    1    1    5    1
 -1.79260683865881e-14    1    1    5    2
 -1.901271945703744e-15    1    1    5    3
 0.4251499906725998    1    1    5    5
 -5.606860907297065e-09    1    1    6    4
 5.552485142166759e-11    1    1    6    5
 0.4299451871387397    1    1    6    6
 9.809982769299319e-15    1    1    7    1
 5.678655966922171e-15    1    1    7    3
 -5.553954508770383e-11    1    1    7    4
 -5.606924380975641e-09    1    1    7    5
 0.4299451871387395    1    1    7    7
 -7.580876374225317e-10    1    1    8    1
 0.02956667606400198    1    1    8    2
 5.401911599888035e-09    1    1    8    3
 -2.214588779107459e-14    1    1    8    5
 0.4476586377363195    1    1    8    8
 0.09093916309135126    1    1    9    4
 0.001507016955857887    1    1    9    5
 -2.744789023989023e-09    1    1    9    6
 -7.263885111677149e-11    1    1    9    7
 1.030270483945504e-15    1    1    9    8
 0.3915589225734974    1    1    9    9
 1.02593527984101e-14    1    1   10    2
 2.509228170684154e-14    1    1   10    3
 -0.001507016955857952    1    1   10    4
 0.090939163091351    1    1   10    5
 7.272005538361335e-11    1    1   10    6
 -2.744451971996124e-09    1    1   10    7
 4.448669470692646e-14    1    1   10    8
 0.3915589225734968    1    1   10   10
 -6.035423277017348e-09    2    1    1    1
 0.2401371866551128    2    1    2    1
 5.911684624637511e-09    2    1    2    2
 -8.605390947130724e-10    2    1    3    1
 0.05484139827757938    2    1    3    2
 -6.048382794908219e-10    2    1    3    3
 2.696049529396384e-15    2    1    4    3
 -9.809838426692107e-10    2    1    4    4
 -1.398821787092199e-14    2    1    5    1
 -1.523473802161886e-14    2    1    5    2
 2.796701895969587e-13    2    1    5    3
 -2.238961088334461e-13    2    1    5    4
 -9.828606861895942e-10    2    1    5    5
 -1.04875807719098e-15    2    1    6    3
 0.2211903648756348    2    1    6    4
 -0.002190731970907941    2    1    6    5
 8.674302787159549e-10    2    1    6    6
 -3.131853271252853e-14    2    1    7    2
 6.106884099685049e-14    2    1    7    3
 0.002190731970907948    2    1    7    4
 0.2211903648756345    2    1    7    5
 1.958112525477038e-13    2    1    7    6
 8.692308350286308e-10    2    1    7    7
 0.01586886202001385    2    1    8    1
 4.022319731927576e-10    2    1    8    2
 -0.2122901329895408    2    1    8    3
 5.857585627021233e-14    2    1    8    5
 2.63382753304847e-13    2    1    8    7
 5.764249972250914e-10    2    1    8    8
 1.966912736688379e-15    2    1    9    3
 -6.819707200164421e-10    2    1    9    4
 -1.136101238279964e-11    2    1    9    5
 0.09698048019261432    2    1    9    6
 0.002568075500682734    2    1    9    7
 -1.964028154738731e-09    2    1    9    9
 5.100791657430766e-15    2    1   10    1
 7.093703981741764e-14    2    1   10    3
 1.125102007451856e-11    2    1   10    4
 -6.823954265425345e-10    2    1   10    5
 -0.002568075500682735    2    1   10    6
 0.09698048019261421    2    1   10    7
 -2.38571674622632e-14    2    1   10    9
 -1.964180567968858e-09    2    1   10   10
 0.4511541169538341    2    2    1    1
 5.911684649246359e-09    2    2    2    1
 0.4553259360210683    2    2    2    2
 0.002153379001731353    2    2    3    1
 1.384219366753548e-09    2    2    3    2
 0.4298350794131988    2    2    3    3
 0.4250731122357729    2    2    4    4
 -3.935296434648981e-15    2    2    5    2
 -1.285449975188254e-15    2    2    5    3
 0.4250731122357722    2    2    5    5
 5.46037521120087e-09    2    2    6    4
 -5.408917346050264e-11    2    2    6    5
 0.431592093645411    2    2    6    6
 9.306061890362539e-15    2    2    7    3
 5.407245134876344e-11    2    2    7    4
 5.46030285133035e-09    2    2    7    5
 0.4315920936454107    2    2    7    7
 2.646260809153925e-10    2    2    8    1
 0.01174428467295396    2    2    8    2
 -5.225983602162804e-09    2    2    8    3
 -2.021096835943338e-14    2    2    8    5
 0.444900516963894    2    2    8    8
 0.09546086033594521    2    2    9    4
 0.001581949187310404    2    2    9    5
 2.10774760374824e-09    2    2    9    6
 5.586033978110497e-11    2    2    9    7
 1.102251458255074e-15    2    2    9    8
 0.3910507266320883    2    2    9    9
 1.173226304259918e-14    2    2   10    2
 2.633912178409639e-14    2    2   10    3
 -0.001581949187310471    2    2   10    4
 0.09546086033594503    2    2   10    5
 -5.577471074967192e-11    2    2   10    6
 2.108102760308957e-09    2    2   10    7
 4.726742249684834e-14    2    2   10    8
 0.3910507266320876    2    2   10   10
 -0.01724021792444991    3    1    1    1
 -8.605390958294618e-10    3    1    2    1
 0.002153379001731352    3    1    2    2
 0.07292846548715902    3    1    3    1
 -1.137288707761704e-10    3    1    3    2
 -0.01521627712383718    3    1    3    3
 -0.01231851585175041    3    1    4    4
 -1.472926122789886e-15    3    1    5    1
 8.584817276594556e-14    3    1    5    2
 1.124139359097883e-15    3    1    5    3
 -0.0123185158517504    3    1    5    5
 -5.254616857796499e-10    3    1    6    4
 5.2015965489136e-12    3    1    6    5
 -0.006872726876529311    3    1    6    6
 -4.595929226132704e-15    3    1    7    1
 1.903546002318104e-14    3    1    7    2
 1.147871575227613e-14    3    1    7    3
 -5.20721249932664e-12    3    1    7    4
 -5.254861392485662e-10    3    1    7    5
 -0.006872726876529296    3    1    7    7
 1.593363577052074e-09    3    1    8    1
 -0.07044741010388662    3    1    8    2
 5.071577861988884e-10    3    1    8    3
 1.235433214215507e-14    3    1    8    5
 2.736182386021704e-15    3    1    8    7
 -0.02213507278625756    3    1    8    8
 0.007134079144049516    3    1    9    4
 0.0001182238528379146    3    1    9    5
 -1.702193113078829e-10    3    1    9    6
 -4.503244256696758e-12    3    1    9    7
 -0.0119012572168814    3    1    9    9
 5.920293260024546e-15    3    1   10    1
 1.760664612604701e-14    3    1   10    2
 4.172748351707163e-15    3    1   10    3
 -0.0001182238528379104    3    1   10    4
 0.007134079144049513    3    1   10    5
 4.511008995442261e-12    3    1   10    6
 -1.701878350092857e-10    3    1   10    7
 7.507670874903279e-15    3    1   10    8
 -0.01190125721688137    3    1   10   10
 -1.548286716176667e-09    3    2    1    1
 0.0548413982775794    3    2    2    1
 1.384219372567582e-09    3    2    2    2
 -1.137288751604129e-10    3    2    3    1
 0.06802498956921091    3    2    3    2
 -2.854144459836505e-10    3    2    3    3
 -3.226838688275654e-10    3    2    4    4
 8.038327683800795e-14    3    2    5    1
 -1.340403765476874e-15    3    2    5    2
 6.382252233773637e-14    3    2    5    3
 -4.772662706665696e-14    3    2    5    4
 -3.230838114404166e-10    3    2    5    5
 0.04744082545470613    3    2    6    4
 -0.0004698673611227189    3    2    6    5
 1.401893567639219e-10    3    2    6    6
 1.744949304927947e-14    3    2    7    1
 5.705797389935065e-15    3    2    7    2
 1.522095855631388e-14    3    2    7    3
 0.0004698673611227398    3    2    7    4
 0.04744082545470606    3    2    7    5
 4.217696884020044e-14    3    2    7    6
 1.405771340534743e-10    3    2    7    7
 -0.05623635598021447    3    2    8    1
 -1.56071904174309e-09    3    2    8    2
 -0.04835115452060833    3    2    8    3
 1.520582335253733e-14    3    2    8    5
 6.290394666136878e-14    3    2    8    7
 -1.105057723929312e-10    3    2    8    8
 3.631870810210354e-12    3    2    9    4
 4.931655195436653e-14    3    2    9    5
 0.01835069038250916    3    2    9    6
 0.0004859324092677056    3    2    9    7
 -5.584366522094839e-10    3    2    9    9
 1.692935937935576e-14    3    2   10    1
 7.197879741047642e-15    3    2   10    2
 1.876335023083691e-14    3    2   10    3
 -6.937162060343272e-14    3    2   10    4
 3.554163216447533e-12    3    2   10    5
 -0.0004859324092677024    3    2   10    6
 0.01835069038250913    3    2   10    7
 -5.577818683820922e-15    3    2   10    9
 -5.584725200449462e-10    3    2   10   10
 0.4321024643562671    3    3    1    1
 -6.048382813915638e-10    3    3    2    1
 0.4298350794131987    3    3    2    2
 -0.01521627712383718    3    3    3    1
 -2.854144435780769e-10    3    3    3    2
 0.4389926555021748    3    3    3    3
 0.397807086681033    3    3    4    4
 4.772627650857198e-15    3    3    5    1
 -1.833471859691577e-15    3    3    5    3
 0.3978070866810323    3    3    5    5
 -5.841188367116176e-10    3    3    6    4
 5.779898744837301e-12    3    3    6    5
 0.4007835580286369    3    3    6    6
 1.964811570795635e-14    3    3    7    1
 2.464948329184833e-15    3    3    7    2
 2.182326527550069e-15    3    3    7    3
 -5.791069551294478e-12    3    3    7    4
 -5.841670103104001e-10    3    3    7    5
 0.4007835580286365    3    3    7    7
 -2.886946005468743e-10    3    3    8    1
 0.01846135865647956    3    3    8    2
 6.660529514872942e-10    3    3    8    3
 -5.759556629892068e-14    3    3    8    5
 -9.161797163818348e-15    3    3    8    7
 0.4478900185261003    3    3    8    8
 0.07506545266097654    3    3    9    4
 0.00124396251420965    3    3    9    5
 -5.035411714429278e-10    3    3    9    6
 -1.329775794144637e-11    3    3    9    7
 0.3713678636193613    3    3    9    9
 2.231552350675189e-15    3    3   10    1
 1.430901733225228e-14    3    3   10    2
 2.228491161900832e-14    3    3   10    3
 -0.001243962514209721    3    3   10    4
 0.07506545266097642    3    3   10    5
 1.33644173523883e-11    3    3   10    6
 -5.032643617840964e-10    3    3   10    7
 2.917420471324385e-14    3    3   10    8
 0.3713678636193606    3    3   10   10
 0.06757410137525217    4    1    4    1
 -2.355213920277958e-10    4    1    4    2
 0.001085467966927296    4    1    4    3
 -6.690583063939983e-14    4    1    5    2
 -1.657872324803617e-09    4    1    6    1
 0.06891526407421475    4    1    6    2
 -8.465529321528274e-11    4    1    6    3
 -6.366428698342996e-15    4    1    6    5
 -1.641932412607863e-11    4    1    7    1
 0.0006825562785062191    4    1    7    2
 -8.415513107956235e-13    4    1    7    3
 -1.26172552240361e-10    4    1    8    4
 -9.033396318296196e-15    4    1    8    5
 0.009516085566196292    4    1    8    6
 9.425000451299836e-05    4    1    8    7
 0.02150502301684802    4    1    9    1
 -2.221698160530727e-10    4    1    9    2
 0.00798749755280119    4    1    9    3
 -2.223452560242316e-15    4    1    9    5
 -5.501708075357819e-15    4    1    9    7
 -1.088077617012521e-10    4    1    9    8
 -0.0003563748908701683    4    1   10    1
 3.669189752435197e-12    4    1   10    2
 -0.0001323664506880618    4    1   10    3
 1.273983076685729e-15    4    1   10    6
 1.800908080126138e-12    4    1   10    8
 -2.355213965086129e-10    4    2    4    1
 0.06313120649729771    4    2    4    2
 6.803904586426982e-12    4    2    4    3
 -6.678057731651162e-14    4    2    5    1
 -6.289950197756547e-15    4    2    5    3
 -4.323342362579652e-15    4    2    5    4
 0.06316145304858434    4    2    6    1
 1.624702611941421e-09    4    2    6    2
 0.007990003941873653    4    2    6    3
 -2.192647892127215e-15    4    2    6    5
 0.0006255689057718846    4    2    7    1
 1.608612602345104e-11    4    2    7    2
 7.913526022250584e-05    4    2    7    3
 -4.659155871416325e-15    4    2    7    6
 0.006799003166385026    4    2    8    4
 1.097377167068346e-10    4    2    8    6
 1.086677231556502e-12    4    2    8    7
 -2.192514288282938e-10    4    2    9    1
 0.02609947708419148    4    2    9    2
 9.14607224255625e-11    4    2    9    3
 -1.715275625868445e-15    4    2    9    5
 0.00341925265415575    4    2    9    8
 3.621853215262661e-12    4    2   10    1
 -0.0004325128269037521    4    2   10    2
 -1.519390196586612e-12    4    2   10    3
 1.423700296907488e-15    4    2   10    4
 -5.666284525841511e-05    4    2   10    8
 4.566015729050529e-15    4    2   10    9
 2.696049529396388e-15    4    3    2    1
 0.001085467966927298    4    3    4    1
 6.803904815830432e-12    4    3    4    2
 0.01724110860470261    4    3    4    3
 -6.228693800487399e-15    4    3    5    2
 -4.303400175585305e-11    4    3    6    1
 0.004492673845451734    4    3    6    2
 -4.34806612746624e-11    4    3    6    3
 2.57188434907551e-15    4    3    6    4
 2.10136819317777e-14    4    3    6    5
 -4.291793967196325e-13    4    3    7    1
 4.449671319828748e-05    4    3    7    2
 -4.301759931638498e-13    4    3    7    3
 2.579994537292372e-15    4    3    7    5
 4.610773519188251e-15    4    3    7    6
 -2.46721122703543e-15    4    3    8    3
 7.275565427498431e-11    4    3    8    4
 1.596423388008385e-14    4    3    8    5
 -0.01659883445749372    4    3    8    6
 -0.0001643995539601618    4    3    8    7
 0.003960398083482209    4    3    9    1
 4.393816330455338e-11    4    3    9    2
 0.002829940101359146    4    3    9    3
 1.131857639758086e-15    4    3    9    6
 2.729273845944827e-15    4    3    9    7
 4.332157345992581e-11    4    3    9    8
 -6.563054750964853e-05    4    3   10    1
 -7.299701361879991e-13    4    3   10    2
 -4.689693166107453e-05    4    3   10    3
 1.177757616931412e-15    4    3   10    4
 3.596337193039574e-15    4    3   10    6
 1.021522512414453e-15    4    3   10    7
 -7.153941498801892e-13    4    3   10    8
 3.448124719398342e-15    4    3   10    9
 0.4251499906726004    4    4    1    1
 -9.809838228926501e-10    4    4    2    1
 0.4250731122357729    4    4    2    2
 -0.01231851585175041    4    4    3    1
 -3.226838696575308e-10    4    4    3    2
 0.397807086681033    4    4    3    3
 0.424590917099132    4    4    4    4
 3.359873911435373e-15    4    4    5    1
 -1.423581868526838e-14    4    4    5    2
 -1.525609364405308e-15    4    4    5    3
 0.392218900088119    4    4    5    5
 -1.040640461894723e-09    4    4    6    4
 8.808724443750093e-12    4    4    6    5
 0.429755872443822    4    4    6    6
 8.143208491422258e-15    4    4    7    1
 5.133747175463617e-15    4    4    7    3
 -1.031382076098486e-11    4    4    7    4
 -8.933956525856654e-10    4    4    7    5
 0.0003302677153239038    4    4    7    6
 0.3964131945614307    4    4    7    7
 -3.871360312502488e-10    4    4    8    1
 0.02552675851157517    4    4    8    2
 8.736376326935549e-10    4    4    8    3
 -1.831796934012238e-14    4    4    8    5
 0.411040616167231    4    4    8    8
 0.08551242356472753    4    4    9    4
 0.001275717733382428    4    4    9    5
 -6.973727112930544e-10    4    4    9    6
 -1.723367592820654e-11    4    4    9    7
 0.3906650275839629    4    4    9    9
 9.630298014966939e-15    4    4   10    2
 2.124936798625547e-14    4    4   10    3
 -0.001417086630972174    4    4   10    4
 0.07698168395759851    4    4   10    5
 1.777689163950415e-11    4    4   10    6
 -6.248059198656324e-10    4    4   10    7
 3.769500653986777e-14    4    4   10    8
 -0.0004144597355897122    4    4   10    9
 0.36566181133479    4    4   10   10
 4.654490227940863e-15    5    1    1    1
 -1.3988217870922e-14    5    1    2    1
 -1.47292612278988e-15    5    1    3    1
 8.038327683800796e-14    5    1    3    2
 4.772627650857195e-15    5    1    3    3
 -6.678127208698265e-14    5    1    4    2
 3.359873911435377e-15    5    1    4    4
 0.06757410137525204    5    1    5    1
 -2.360817536879654e-10    5    1    5    2
 0.001085467966927296    5    1    5    3
 2.81372813829402e-15    5    1    5    5
 1.642077471733231e-11    5    1    6    1
 -0.0006825562785062173    5    1    6    2
 8.355071662896697e-13    5    1    6    3
 -1.446175214708373e-14    5    1    6    4
 1.880950306169844e-15    5    1    6    6
 -1.657865720883386e-09    5    1    7    1
 0.06891526407421469    5    1    7    2
 -8.468170216548723e-11    5    1    7    3
 -2.109352984443776e-14    5    1    7    5
 2.056940390097464e-15    5    1    7    7
 -1.472678368875679e-15    5    1    8    1
 1.942825687180391e-14    5    1    8    2
 2.011288148276864e-14    5    1    8    3
 -8.980731197767717e-15    5    1    8    4
 -1.262481812342765e-10    5    1    8    5
 -9.425000451301911e-05    5    1    8    6
 0.009516085566196271    5    1    8    7
 6.079115280245895e-15    5    1    8    8
 0.0003563748908701631    5    1    9    1
 -3.696610466253626e-12    5    1    9    2
 0.0001323664506880631    5    1    9    3
 -1.994058043721754e-15    5    1    9    4
 -8.410122076739703e-15    5    1    9    6
 -1.805752634852967e-12    5    1    9    8
 3.242769544257297e-15    5    1    9    9
 0.02150502301684804    5    1   10    1
 -2.222757867228895e-10    5    1   10    2
 0.007987497552801186    5    1   10    3
 -4.198145667702305e-15    5    1   10    5
 -1.265938928742717e-14    5    1   10    7
 -1.088261665658882e-10    5    1   10    8
 3.370919621659389e-15    5    1   10   10
 -1.792606838658811e-14    5    2    1    1
 -1.523473802161886e-14    5    2    2    1
 -3.935296434648984e-15    5    2    2    2
 8.584817276594559e-14    5    2    3    1
 -1.340403765476871e-15    5    2    3    2
 -6.690523418285775e-14    5    2    4    1
 -6.228667000967679e-15    5    2    4    3
 -1.423581868526838e-14    5    2    4    4
 -2.360817605302848e-10    5    2    5    1
 0.06313120649729762    5    2    5    2
 6.751568319839412e-12    5    2    5    3
 -2.28487114882377e-14    5    2    5    5
 -0.0006255689057718829    5    2    6    1
 -1.609661980436682e-11    5    2    6    2
 -7.913526022248864e-05    5    2    6    3
 -1.311908760777399e-14    5    2    6    4
 -1.167737469087664e-14    5    2    6    6
 0.06316145304858424    5    2    7    1
 1.624656882103499e-09    5    2    7    2
 0.007990003941873653    5    2    7    3
 -1.52195218308608e-14    5    2    7    5
 -2.101992511342528e-14    5    2    7    7
 1.550364866596978e-14    5    2    8    1
 -7.499683640222981e-15    5    2    8    2
 1.524748503209055e-14    5    2    8    3
 0.006799003166385011    5    2    8    5
 -1.087076544910694e-12    5    2    8    6
 1.097359697956133e-10    5    2    8    7
 -9.516275502980373e-15    5    2    8    8
 -3.647020425928336e-12    5    2    9    1
 0.0004325128269037482    5    2    9    2
 1.511229847180765e-12    5    2    9    3
 -1.252783326546818e-15    5    2    9    4
 -5.088852312283129e-15    5    2    9    6
 5.66628452584127e-05    5    2    9    8
 -1.230088141559186e-14    5    2    9    9
 -2.193485544303909e-10    5    2   10    1
 0.02609947708419146    5    2   10    2
 9.142878532546914e-11    5    2   10    3
 -1.555036858886105e-15    5    2   10    5
 -5.026745111952955e-15    5    2   10    7
 0.003419252654155738    5    2   10    8
 -3.174671647814885e-15    5    2   10   10
 -1.901271945703617e-15    5    3    1    1
 2.796701895969587e-13    5    3    2    1
 -1.285449975188255e-15    5    3    2    2
 1.124139359097883e-15    5    3    3    1
 6.382252233773636e-14    5    3    3    2
 -1.833471859691539e-15    5    3    3    3
 -6.290062341104051e-15    5    3    4    2
 -1.525609364405311e-15    5    3    4    4
 0.001085467966927295    5    3    5    1
 6.75156926527066e-12    5    3    5    2
 0.01724110860470258    5    3    5    3
 -2.10500100312447e-15    5    3    5    5
 4.234190352375628e-13    5    3    6    1
 -4.449671319826928e-05    5    3    6    2
 4.311070256105472e-13    5    3    6    3
 2.459804772264639e-13    5    3    6    4
 -2.64543113093589e-15    5    3    6    5
 -1.184391733113432e-15    5    3    6    6
 -4.305913613736341e-11    5    3    7    1
 0.00449267384545173    5    3    7    2
 -4.347653437917082e-11    5    3    7    3
 2.63884944270292e-15    5    3    7    4
 2.667084480120924e-13    5    3    7    5
 8.036544148876516e-15    5    3    7    7
 2.295224947834881e-14    5    3    8    1
 1.929828210493745e-15    5    3    8    2
 -2.556561134818206e-13    5    3    8    3
 1.593212455511933e-14    5    3    8    4
 7.288937809986178e-11    5    3    8    5
 0.0001643995539601621    5    3    8    6
 -0.0165988344574937    5    3    8    7
 -1.015374643811618e-14    5    3    8    8
 6.563054750965198e-05    5    3    9    1
 7.259610528650839e-13    5    3    9    2
 4.689693166107459e-05    5    3    9    3
 1.071568702050895e-13    5    3    9    6
 2.983493285444041e-15    5    3    9    7
 7.209027056237382e-13    5    3    9    8
 -1.561422872923605e-15    5    3    9    9
 0.003960398083482205    5    3   10    1
 4.392258691307285e-11    5    3   10    2
 0.002829940101359145    5    3   10    3
 2.117911937330239e-15    5    3   10    5
 -2.87269312863011e-15    5    3   10    6
 1.134812767852834e-13    5    3   10    7
 4.334286661754226e-11    5    3   10    8
 5.334904535332076e-15    5    3   10   10
 -2.238979316150287e-13    5    4    2    1
 -4.772714090431833e-14    5    4    3    2
 -4.32334236257965e-15    5    4    4    2
 0.01618600850550608    5    4    5    4
 -5.43939254670255e-15    5    4    6    1
 -1.229484694415466e-15    5    4    6    2
 2.033251161122511e-14    5    4    6    3
 5.155021784137752e-13    5    4    6    4
 -7.37864587736865e-11    5    4    6    5
 -0.0003302677153238925    5    4    6    6
 -7.365404916378585e-11    5    4    7    4
 -9.447954508475107e-13    5    4    7    5
 0.01667133894119539    5    4    7    6
 0.0003302677153239055    5    4    7    7
 -1.794025744054283e-14    5    4    8    1
 1.889828397193696e-13    5    4    8    3
 -1.371910579643191e-15    5    4    8    4
 4.584112446389626e-15    5    4    8    6
 -1.099064699647627e-15    5    4    9    1
 -1.734235675846827e-15    5    4    9    2
 7.068444879483013e-05    5    4    9    4
 0.004265369803564445    5    4    9    5
 -3.298411060482695e-13    5    4    9    6
 -3.615256019991379e-11    5    4    9    7
 -2.38328159746147e-15    5    4    9    8
 0.0004144597355897218    5    4    9    9
 0.00426536980356446    5    4   10    4
 -7.068444879484059e-05    5    4   10    5
 -3.616002745938127e-11    5    4   10    6
 1.52365357545856e-13    5    4   10    7
 0.01250160812458609    5    4   10    9
 -0.0004144597355897063    5    4   10   10
 0.4251499906725996    5    5    1    1
 -9.828606943021405e-10    5    5    2    1
 0.4250731122357722    5    5    2    2
 -0.0123185158517504    5    5    3    1
 -3.230838186348179e-10    5    5    3    2
 0.3978070866810323    5    5    3    3
 0.392218900088119    5    5    4    4
 2.813728138294041e-15    5    5    5    1
 -2.284871148823769e-14    5    5    5    2
 -2.105001003124321e-15    5    5    5    3
 0.4245909170991306    5    5    5    5
 -8.949933367484668e-10    5    5    6    4
 1.031936571944901e-11    5    5    6    5
 0.3964131945614304    5    5    6    6
 -2.715747094972715e-15    5    5    7    1
 -2.365351506264998e-15    5    5    7    2
 4.580112713190479e-14    5    5    7    3
 -8.90387870202929e-12    5    5    7    4
 -1.042629348451589e-09    5    5    7    5
 -0.000330267715323893    5    5    7    6
 0.4297558724438209    5    5    7    7
 -3.872865626509517e-10    5    5    8    1
 0.02552675851157512    5    5    8    2
 8.752217888169488e-10    5    5    8    3
 -2.105728233330895e-14    5    5    8    5
 9.185693684115057e-15    5    5    8    7
 0.4110406161672304    5    5    8    8
 0.07698168395759843    5    5    9    4
 0.001417086630972103    5    5    9    5
 -6.258019790897127e-10    5    5    9    6
 -1.773844344014083e-11    5    5    9    7
 0.3656618113347901    5    5    9    9
 -2.137973148257021e-15    5    5   10    1
 6.163712405046968e-15    5    5   10    2
 2.205349455147928e-14    5    5   10    3
 -0.001275717733382499    5    5   10    4
 0.0855124235647272    5    5   10    5
 1.731727559659994e-11    5    5   10    6
 -6.9786048371523e-10    5    5   10    7
 3.292871432864204e-14    5    5   10    8
 0.0004144597355897253    5    5   10    9
 0.3906650275839615    5    5   10   10
 -1.65787231997204e-09    6    1    4    1
 0.06316145304858431    6    1    4    2
 -4.303400276055715e-11    6    1    4    3
 1.64207739721314e-11    6    1    5    1
 -0.000625568905771885    6    1    5    2
 4.2341884752961e-13    6    1    5    3
 -5.439392546702554e-15    6    1    5    4
 0.06328423290091771    6    1    6    1
 1.693238053096176e-10    6    1    6    2
 0.006869703832295069    6    1    6    3
 -1.875875429791109e-15    6    1    6    5
 5.864829023226203e-14    6    1    7    2
 -4.33318486284978e-15    6    1    7    6
 0.008008770398021494    6    1    8    4
 -7.932112851512799e-05    6    1    8    5
 -5.980861426332386e-11    6    1    8    6
 7.796138680373625e-15    6    1    8    7
 -6.892202999826946e-10    6    1    9    1
 0.02610842077577174    6    1    9    2
 -7.225432470583956e-11    6    1    9    3
 -2.171051484497218e-15    6    1    9    5
 0.003894209449133655    6    1    9    8
 1.82605448687997e-11    6    1   10    1
 -0.0006913597006594513    6    1   10    2
 1.917235765957732e-12    6    1   10    3
 1.30851525048942e-15    6    1   10    4
 -0.0001031199666261204    6    1   10    8
 4.183856373547242e-15    6    1   10    9
 0.06891526407421476    6    2    4    1
 1.624702613298949e-09    6    2    4    2
 0.004492673845451733    6    2    4    3
 -0.0006825562785062178    6    2    5    1
 -1.609662020651717e-11    6    2    5    2
 -4.449671319826925e-05    6    2    5    3
 -1.229484694415466e-15    6    2    5    4
 1.693238147911103e-10    6    2    6    1
 0.07106214152594321    6    2    6    2
 1.31829454335167e-10    6    2    6    3
 -4.316549809899531e-15    6    2    6    5
 5.852465506038294e-14    6    2    7    1
 5.389855088292689e-15    6    2    7    3
 -2.134417935867112e-15    6    2    7    4
 9.628708616525887e-11    6    2    8    4
 -9.539076038127866e-13    6    2    8    5
 0.006755002465662164    6    2    8    6
 0.02350702635809322    6    2    9    1
 5.591261001244098e-10    6    2    9    2
 0.00805105607769396    6    2    9    3
 -2.239512356902911e-15    6    2    9    5
 -5.218150556030015e-15    6    2    9    7
 1.662652901415649e-12    6    2    9    8
 -0.0006224739077825257    6    2   10    1
 -1.479375427119454e-11    6    2   10    2
 -0.0002131946534672172    6    2   10    3
 1.459143293239119e-15    6    2   10    6
 -4.279809251832113e-14    6    2   10    8
 -1.048758077190979e-15    6    3    2    1
 -8.46552920849616e-11    6    3    4    1
 0.007990003941873653    6    3    4    2
 -4.348066082105523e-11    6    3    4    3
 8.355070846043392e-13    6    3    5    1
 -7.913526022248872e-05    6    3    5    2
 4.311070458171234e-13    6    3    5    3
 2.033251161122512e-14    6    3    5    4
 0.006869703832295069    6    3    6    1
 1.318294549171872e-10    6    3    6    2
 0.01587105916453303    6    3    6    3
 -1.003404790659687e-15    6    3    6    4
 5.318794919236544e-15    6    3    7    2
 4.501908172766751e-15    6    3    7    4
 1.459649693526082e-15    6    3    7    6
 -0.01504817145612811    6    3    8    4
 0.0001490413487548605    6    3    8    5
 -5.744955176210512e-11    6    3    8    6
 -1.418096588710871e-14    6    3    8    7
 -3.519349423372203e-11    6    3    9    1
 0.003751185398926005    6    3    9    2
 -2.850933638932719e-11    6    3    9    3
 7.110786614003204e-15    6    3    9    5
 1.470341886877782e-15    6    3    9    7
 -0.005293403423086805    6    3    9    8
 9.33895516953566e-13    6    3   10    1
 -9.933264201587196e-05    6    3   10    2
 7.561586019788168e-13    6    3   10    3
 3.351696573964704e-15    6    3   10    4
 1.489954929855915e-15    6    3   10    6
 0.0001401710902963197    6    3   10    8
 1.02797542197474e-14    6    3   10    9
 -5.60686092060898e-09    6    4    1    1
 0.2211903648756348    6    4    2    1
 5.46037525646933e-09    6    4    2    2
 -5.254616871149725e-10    6    4    3    1
 0.04744082545470614    6    4    3    2
 -5.841188077395164e-10    6    4    3    3
 2.57188434907551e-15    6    4    4    3
 -1.040640463292142e-09    6    4    4    4
 -1.446175214708373e-14    6    4    5    1
 -1.311908760777399e-14    6    4    5    2
 2.459804772264638e-13    6    4    5    3
 5.155033318211865e-13    6    4    5    4
 -8.949933037995998e-10    6    4    5    5
 -1.003404790659688e-15    6    4    6    3
 0.2274964518735073    6    4    6    4
 -0.002091770538745875    6    4    6    5
 8.81801120112356e-10    6    4    6    6
 -2.709529823043093e-14    6    4    7    2
 5.382051466578598e-14    6    4    7    3
 0.002091770538745889    6    4    7    4
 0.1949007147771882    6    4    7    5
 8.219254829289245e-13    6    4    7    6
 7.55121436591484e-10    6    4    7    7
 0.01735964853577615    6    4    8    1
 1.956116857213859e-10    6    4    8    2
 -0.1867929952353682    6    4    8    3
 5.155183217230532e-14    6    4    8    5
 2.3227266558175e-13    6    4    8    7
 4.449204272954763e-10    6    4    8    8
 1.729443188169544e-15    6    4    9    3
 -6.20716042165477e-10    6    4    9    4
 -8.808175182270831e-12    6    4    9    5
 0.09345307439765786    6    4    9    6
 0.002243827739873214    6    4    9    7
 -2.055784103674357e-09    6    4    9    9
 4.533912879989036e-15    6    4   10    1
 6.036290047735467e-14    6    4   10    3
 1.059642149026774e-11    6    4   10    4
 -5.497449514588345e-10    6    4   10    5
 -0.002421539503308738    6    4   10    6
 0.08272926735919182    6    4   10    7
 5.515831707362856e-12    6    4   10    9
 -1.798699938674469e-09    6    4   10   10
 5.552484697814589e-11    6    5    1    1
 -0.002190731970907938    6    5    2    1
 -5.408917701403222e-11    6    5    2    2
 5.20159650853874e-12    6    5    3    1
 -0.0004698673611227187    6    5    3    2
 5.779903563050727e-12    6    5    3    3
 -6.366428698342998e-15    6    5    4    1
 -2.192647892127216e-15    6    5    4    2
 2.101368193177769e-14    6    5    4    3
 8.808719186719515e-12    6    5    4    4
 -2.645431130935895e-15    6    5    5    3
 -7.378646122950964e-11    6    5    5    4
 1.031937216626971e-11    6    5    5    5
 -1.875875429791109e-15    6    5    6    1
 -4.316549809899528e-15    6    5    6    2
 -0.002091770538745878    6    5    6    4
 0.01631858603554903    6    5    6    5
 -8.741609086248783e-12    6    5    6    6
 0.01627715106076964    6    5    7    4
 -0.002091770538745876    6    5    7    5
 6.41259014581393e-11    6    5    7    6
 -7.456034114828764e-12    6    5    7    7
 -0.0001719348719029191    6    5    8    1
 -1.935813932933443e-12    6    5    8    2
 0.001850050687487482    6    5    8    3
 4.159132389533972e-15    6    5    8    4
 -1.924402519351162e-15    6    5    8    6
 -2.305233768297591e-15    6    5    8    7
 -4.413082593219988e-12    6    5    8    8
 -1.405087549552473e-15    6    5    9    1
 -1.034730312188244e-15    6    5    9    2
 6.275555241473204e-15    6    5    9    3
 4.836922414928659e-12    6    5    9    4
 -3.561655912604926e-11    6    5    9    5
 -0.0007836240045855295    6    5    9    6
 0.005338799960491942    6    5    9    7
 1.462611474522884e-15    6    5    9    8
 1.352606282253493e-11    6    5    9    9
 -3.578154276952838e-11    6    5   10    4
 6.740150072524266e-12    6    5   10    5
 0.005385007077973823    6    5   10    6
 -0.0009613357680210698    6    5   10    7
 -1.286695593271335e-10    6    5   10    9
 2.463600172604635e-11    6    5   10   10
 0.4299451871387399    6    6    1    1
 8.674302989238942e-10    6    6    2    1
 0.431592093645411    6    6    2    2
 -0.006872726876529303    6    6    3    1
 1.401893585084706e-10    6    6    3    2
 0.4007835580286369    6    6    3    3
 0.429755872443822    6    6    4    4
 1.88095030616984e-15    6    6    5    1
 -1.167737469087666e-14    6    6    5    2
 -1.184391733113304e-15    6    6    5    3
 -0.000330267715323891    6    6    5    4
 0.3964131945614304    6    6    5    5
 8.818011547670745e-10    6    6    6    4
 -8.741608318889873e-12    6    6    6    5
 0.4359365252673976    6    6    6    6
 4.51352712549537e-15    6    6    7    1
 6.884879648858113e-15    6    6    7    3
 7.485603984513072e-12    6    6    7    4
 7.534736517776142e-10    6    6    7    5
 0.4013502002322582    6    6    7    7
 -1.955581646791733e-10    6    6    8    1
 0.02139551896069376    6    6    8    2
 -7.045821485513309e-10    6    6    8    3
 -1.847024944949782e-14    6    6    8    5
 0.4150452485023298    6    6    8    8
 0.09097469556192729    6    6    9    4
 0.001248553302370581    6    6    9    5
 7.570868204234394e-11    6    6    9    6
 1.67653733709988e-12    6    6    9    7
 0.3945137705239538    6    6    9    9
 9.90481463842772e-15    6    6   10    2
 2.241266453461395e-14    6    6   10    3
 -0.00160455609319894    6    6   10    4
 0.0811928302463384    6    6   10    5
 -1.966642829117412e-12    6    6   10    6
 6.181860894764832e-11    6    6   10    7
 3.995291791487032e-14    6    6   10    8
 -0.0006732488390057906    6    6   10    9
 0.3691071139037456    6    6   10   10
 9.809982769299316e-15    7    1    1    1
 -4.595929226132694e-15    7    1    3    1
 1.744949304927948e-14    7    1    3    2
 1.964811570795636e-14    7    1    3    3
 -1.641932465322149e-11    7    1    4    1
 0.0006255689057718843    7    1    4    2
 -4.291794975173727e-13    7    1    4    3
 8.14320849142226e-15    7    1    4    4
 -1.657865723993791e-09    7    1    5    1
 0.06316145304858425    7    1    5    2
 -4.305913468711998e-11    7    1    5    3
 -2.715747094972717e-15    7    1    5    5
 5.852372732040608e-14    7    1    6    2
 4.513527125495369e-15    7    1    6    6
 0.06328423290091764    7    1    7    1
 1.698624708632253e-10    7    1    7    2
 0.006869703832295076    7    1    7    3
 -1.714698222646271e-15    7    1    7    5
 -4.190130114929108e-15    7    1    7    7
 8.210205466921949e-14    7    1    8    2
 2.221849016482006e-15    7    1    8    3
 7.932112851510849e-05    7    1    8    4
 0.00800877039802148    7    1    8    5
 7.75825936697241e-15    7    1    8    6
 -5.973708802468371e-11    7    1    8    7
 2.358044443048612e-14    7    1    8    8
 -1.823916130473701e-11    7    1    9    1
 0.000691359700659448    7    1    9    2
 -1.908652031725658e-12    7    1    9    3
 -4.999688515337027e-15    7    1    9    4
 0.0001031199666261177    7    1    9    8
 8.014881516107182e-15    7    1    9    9
 -6.891319397944728e-10    7    1   10    1
 0.02610842077577172    7    1   10    2
 -7.221946862868611e-11    7    1   10    3
 -5.877171136457367e-15    7    1   10    5
 0.003894209449133646    7    1   10    8
 1.636686788253142e-14    7    1   10   10
 -3.131853271252853e-14    7    2    2    1
 1.903546002318104e-14    7    2    3    1
 5.705797389935064e-15    7    2    3    2
 2.46494832918483e-15    7    2    3    3
 0.0006825562785062189    7    2    4    1
 1.608612564597053e-11    7    2    4    2
 4.449671319828752e-05    7    2    4    3
 0.06891526407421467    7    2    5    1
 1.624656880718866e-09    7    2    5    2
 0.004492673845451731    7    2    5    3
 -2.365351506265002e-15    7    2    5    5
 5.864973184749667e-14    7    2    6    1
 5.318878487564139e-15    7    2    6    3
 -2.709529823043093e-14    7    2    6    4
 1.69862476486024e-10    7    2    7    1
 0.07106214152594316    7    2    7    2
 1.318787210513505e-10    7    2    7    3
 -3.355504813238854e-14    7    2    7    5
 7.60978639693523e-14    7    2    8    1
 3.491678663766258e-14    7    2    8    3
 9.534183372536618e-13    7    2    8    4
 9.628488864500337e-11    7    2    8    5
 0.006755002465662145    7    2    8    7
 0.0006224739077825232    7    2    9    1
 1.482024845991462e-11    7    2    9    2
 0.0002131946534672182    7    2    9    3
 -1.000436583084395e-14    7    2    9    6
 4.548204637226902e-14    7    2    9    8
 0.02350702635809322    7    2   10    1
 5.592352334277248e-10    7    2   10    2
 0.008051056077693962    7    2   10    3
 -2.19324040967218e-15    7    2   10    5
 -1.379036982812073e-14    7    2   10    7
 1.674127006954492e-12    7    2   10    8
 5.678655966922127e-15    7    3    1    1
 6.106884099685046e-14    7    3    2    1
 9.306061890362544e-15    7    3    2    2
 1.147871575227613e-14    7    3    3    1
 1.522095855631389e-14    7    3    3    2
 2.182326527549986e-15    7    3    3    3
 -8.415512476118504e-13    7    3    4    1
 7.91352602225058e-05    7    3    4    2
 -4.301762581691489e-13    7    3    4    3
 5.133747175463658e-15    7    3    4    4
 -8.468170196130795e-11    7    3    5    1
 0.007990003941873654    7    3    5    2
 -4.34765335808633e-11    7    3    5    3
 4.580112713190472e-14    7    3    5    5
 5.389824704836815e-15    7    3    6    2
 5.382051466578605e-14    7    3    6    4
 6.884879648858095e-15    7    3    6    6
 0.006869703832295074    7    3    7    1
 1.318787216183305e-10    7    3    7    2
 0.01587105916453302    7    3    7    3
 5.845466834805818e-14    7    3    7    5
 9.800084920762884e-15    7    3    7    7
 4.881686166576038e-15    7    3    8    1
 5.803440959974408e-15    7    3    8    2
 -5.572834416569428e-14    7    3    8    3
 -0.0001490413487548608    7    3    8    4
 -0.01504817145612809    7    3    8    5
 -1.41483112846844e-14    7    3    8    6
 -5.757975830684926e-11    7    3    8    7
 -3.200159400379918e-14    7    3    8    8
 -9.296011244351813e-13    7    3    9    1
 9.933264201587593e-05    7    3    9    2
 -7.534836125730835e-13    7    3    9    3
 8.761547384804065e-15    7    3    9    4
 2.284192366302761e-14    7    3    9    6
 -0.0001401710902963189    7    3    9    8
 4.064851898096902e-15    7    3    9    9
 -3.517600116862644e-11    7    3   10    1
 0.00375118539892601    7    3   10    2
 -2.849818710139703e-11    7    3   10    3
 1.922240897795543e-14    7    3   10    5
 2.580093944895582e-14    7    3   10    7
 -0.005293403423086803    7    3   10    8
 2.462258946343292e-14    7    3   10   10
 -5.553954386777796e-11    7    4    1    1
 0.002190731970907947    7    4    2    1
 5.407244875471043e-11    7    4    2    2
 -5.207212583601629e-12    7    4    3    1
 0.0004698673611227397    7    4    3    2
 -5.791064959821183e-12    7    4    3    3
 -1.03138234160361e-11    7    4    4    4
 2.638849442702917e-15    7    4    5    3
 -7.365404975030157e-11    7    4    5    4
 -8.903878338281579e-12    7    4    5    5
 -2.134417935867113e-15    7    4    6    2
 4.501908172766748e-15    7    4    6    3
 0.002091770538745887    7    4    6    4
 0.01627715106076964    7    4    6    5
 7.485609023485606e-12    7    4    6    6
 0.01631858603554904    7    4    7    4
 0.002091770538745884    7    4    7    5
 6.427143598085144e-11    7    4    7    6
 8.743463878762616e-12    7    4    7    7
 0.0001719348719028992    7    4    8    1
 1.93906877913012e-12    7    4    8    2
 -0.001850050687487489    7    4    8    3
 2.037566822834339e-14    7    4    8    6
 2.486217666988742e-15    7    4    8    7
 4.399675024166478e-12    7    4    8    8
 -2.612223371741841e-15    7    4    9    1
 2.66256992222357e-15    7    4    9    3
 -6.742789085224827e-12    7    4    9    4
 -3.577221721244863e-11    7    4    9    5
 0.0009613357680210749    7    4    9    6
 0.005385007077973804    7    4    9    7
 -2.462035053876173e-11    7    4    9    9
 -3.555292686419838e-11    7    4   10    4
 -4.866489197164639e-12    7    4   10    5
 0.005338799960491957    7    4   10    6
 0.0007836240045855269    7    4   10    7
 -1.285659144952926e-10    7    4   10    9
 -1.35704245433865e-11    7    4   10   10
 -5.606924362111478e-09    7    5    1    1
 0.2211903648756345    7    5    2    1
 5.460302898394569e-09    7    5    2    2
 -5.254861280372629e-10    7    5    3    1
 0.04744082545470608    7    5    3    2
 -5.841670229136425e-10    7    5    3    3
 2.57999453729237e-15    7    5    4    3
 -8.933955807212725e-10    7    5    4    4
 -2.109352984443774e-14    7    5    5    1
 -1.52195218308608e-14    7    5    5    2
 2.667084480120923e-13    7    5    5    3
 -9.447976945848484e-13    7    5    5    4
 -1.042629397721801e-09    7    5    5    5
 0.1949007147771883    7    5    6    4
 -0.002091770538745878    7    5    6    5
 7.534736226882794e-10    7    5    6    6
 -1.714698222646277e-15    7    5    7    1
 -3.355504813238856e-14    7    5    7    2
 5.845466834805818e-14    7    5    7    3
 0.002091770538745885    7    5    7    4
 0.2274964518735066    7    5    7    5
 -4.497853378607913e-13    7    5    7    6
 8.835886529078561e-10    7    5    7    7
 0.01735964853577612    7    5    8    1
 1.956259123697488e-10    7    5    8    2
 -0.1867929952353679    7    5    8    3
 5.571839897436444e-14    7    5    8    5
 2.507226391393889e-13    7    5    8    7
 4.448624569584876e-10    7    5    8    8
 1.881869397927601e-15    7    5    9    3
 -5.494261956149244e-10    7    5    9    4
 -1.069303520706736e-11    7    5    9    5
 0.08272926735919187    7    5    9    6
 0.002421539503308741    7    5    9    7
 -1.798609186069381e-09    7    5    9    9
 6.929998803575212e-14    7    5   10    3
 8.701741347069084e-12    7    5   10    4
 -6.211782480807036e-10    7    5   10    5
 -0.002243827739873199    7    5   10    6
 0.09345307439765749    7    5   10    7
 1.570123406776184e-15    7    5   10    8
 -5.5641195716841e-12    7    5   10    9
 -2.055995832046483e-09    7    5   10   10
 1.958095761397661e-13    7    6    2    1
 4.217613299363418e-14    7    6    3    2
 -4.659155871416327e-15    7    6    4    2
 4.61077351918825e-15    7    6    4    3
 0.0003302677153239026    7    6    4    4
 0.01667133894119539    7    6    5    4
 -0.0003302677153238938    7    6    5    5
 -4.33318486284978e-15    7    6    6    1
 1.459649693526084e-15    7    6    6    3
 8.219252304336969e-13    7    6    6    4
 6.412590425001945e-11    7    6    6    5
 6.427143806575025e-11    7    6    7    4
 -4.497868887251781e-13    7    6    7    5
 0.01729316251756955    7    6    7    6
 1.511025241636924e-14    7    6    8    1
 -1.654735784994498e-13    7    6    8    3
 1.949984144305638e-14    7    6    8    4
 -2.131415593397603e-15    7    6    9    2
 1.358824863134788e-15    7    6    9    3
 0.0001780013954141522    7    6    9    4
 0.004890932657794365    7    6    9    5
 2.668296755336307e-13    7    6    9    6
 7.134968544314496e-12    7    6    9    7
 5.433883602859331e-15    7    6    9    8
 0.0006732488390057971    7    6    9    9
 0.00489093265779438    7    6   10    4
 -0.000178001395414148    7    6   10    5
 7.115929893182587e-12    7    6   10    6
 -1.104073429902819e-13    7    6   10    7
 0.0127033283101037    7    6   10    9
 -0.0006732488390057915    7    6   10   10
 0.4299451871387394    7    7    1    1
 8.692307926346751e-10    7    7    2    1
 0.4315920936454107    7    7    2    2
 -0.006872726876529288    7    7    3    1
 1.405771472122586e-10    7    7    3    2
 0.4007835580286365    7    7    3    3
 0.3964131945614307    7    7    4    4
 2.056940390097467e-15    7    7    5    1
 -2.101992511342527e-14    7    7    5    2
 8.036544148876451e-15    7    7    5    3
 0.0003302677153239029    7    7    5    4
 0.4297558724438209    7    7    5    5
 7.551214314590334e-10    7    7    6    4
 -7.456032897218903e-12    7    7    6    5
 0.4013502002322581    7    7    6    6
 -4.190130114929111e-15    7    7    7    1
 9.800084920762871e-15    7    7    7    3
 8.743465926411826e-12    7    7    7    4
 8.835886419912954e-10    7    7    7    5
 0.4359365252673969    7    7    7    7
 -1.954191654932266e-10    7    7    8    1
 0.02139551896069371    7    7    8    2
 -7.061036702993552e-10    7    7    8    3
 2.052655752488011e-14    7    7    8    5
 0.4150452485023295    7    7    8    8
 0.08119283024633836    7    7    9    4
 0.001604556093198869    7    7    9    5
 6.217945853713518e-11    7    7    9    6
 2.069616043450515e-12    7    7    9    7
 1.218416084975055e-15    7    7    9    8
 0.3691071139037458    7    7    9    9
 5.621252744297488e-15    7    7   10    2
 2.512686938169007e-14    7    7   10    3
 -0.001248553302370647    7    7   10    4
 0.090974695561927    7    7   10    5
 -1.605233630108595e-12    7    7   10    6
 7.679115104756475e-11    7    7   10    7
 5.081781478623195e-14    7    7   10    8
 0.0006732488390057707    7    7   10    9
 0.3945137705239528    7    7   10   10
 -7.580876369943566e-10    8    1    1    1
 0.01586886202001385    8    1    2    1
 2.646260762990629e-10    8    1    2    2
 1.593363582933871e-09    8    1    3    1
 -0.05623635598021446    8    1    3    2
 -2.886946078787915e-10    8    1    3    3
 -3.871360406867569e-10    8    1    4    4
 -1.472678368875688e-15    8    1    5    1
 1.55036486659698e-14    8    1    5    2
 2.295224947834882e-14    8    1    5    3
 -1.794032045317196e-14    8    1    5    4
 -3.87286560948278e-10    8    1    5    5
 0.01735964853577615    8    1    6    4
 -0.0001719348719029189    8    1    6    5
 -1.955581691380753e-10    8    1    6    6
 7.60978639693523e-14    8    1    7    2
 4.881686166576033e-15    8    1    7    3
 0.000171934871902899    8    1    7    4
 0.01735964853577611    8    1    7    5
 1.511009538519327e-14    8    1    7    6
 -1.954191693718816e-10    8    1    7    7
 0.06575194479453869    8    1    8    1
 8.902788777725729e-11    8    1    8    2
 -0.01516204853507971    8    1    8    3
 4.20135684358538e-15    8    1    8    5
 2.480568314298766e-14    8    1    8    7
 -3.193333782624229e-10    8    1    8    8
 -1.598919146102394e-10    8    1    9    4
 -2.657299740187571e-12    8    1    9    5
 0.01156521035970452    8    1    9    6
 0.0003062506323541719    8    1    9    7
 -4.037448794241813e-10    8    1    9    9
 1.285679349997121e-14    8    1   10    1
 1.351618560108429e-14    8    1   10    3
 2.643230246800936e-12    8    1   10    4
 -1.599459170523784e-10    8    1   10    5
 -0.0003062506323541744    8    1   10    6
 0.01156521035970449    8    1   10    7
 -1.329414822583835e-15    8    1   10    9
 -4.037530629391923e-10    8    1   10   10
 0.02956667606400198    8    2    1    1
 4.022319754306186e-10    8    2    2    1
 0.01174428467295397    8    2    2    2
 -0.07044741010388664    8    2    3    1
 -1.560719047584229e-09    8    2    3    2
 0.01846135865647954    8    2    3    3
 0.02552675851157515    8    2    4    4
 1.94282568718039e-14    8    2    5    1
 -7.499683640222989e-15    8    2    5    2
 1.929828210493749e-15    8    2    5    3
 0.02552675851157511    8    2    5    5
 1.956116933916285e-10    8    2    6    4
 -1.935813790217506e-12    8    2    6    5
 0.02139551896069376    8    2    6    6
 8.21020546692195e-14    8    2    7    1
 5.803440959974405e-15    8    2    7    3
 1.939068687112052e-12    8    2    7    4
 1.956259025755712e-10    8    2    7    5
 0.02139551896069372    8    2    7    7
 8.902789681679291e-11    8    2    8    1
 0.07223166256750817    8    2    8    2
 -1.345591747292478e-10    8    2    8    3
 0.0301897603320059    8    2    8    8
 0.003362104045167723    8    2    9    4
 5.571579538659666e-05    8    2    9    5
 8.673735183394631e-11    8    2    9    6
 2.297791962432817e-12    8    2    9    7
 0.02239164915559708    8    2    9    9
 1.586721128169489e-14    8    2   10    2
 -5.571579538660364e-05    8    2   10    4
 0.003362104045167714    8    2   10    5
 -2.296013436342038e-12    8    2   10    6
 8.67453600066786e-11    8    2   10    7
 2.69687808440539e-15    8    2   10    8
 0.02239164915559703    8    2   10   10
 5.401911591583724e-09    8    3    1    1
 -0.2122901329895409    8    3    2    1
 -5.22598367861261e-09    8    3    2    2
 5.071577813995997e-10    8    3    3    1
 -0.04835115452060831    8    3    3    2
 6.660529511417048e-10    8    3    3    3
 -2.467211227035429e-15    8    3    4    3
 8.736376234060237e-10    8    3    4    4
 2.011288148276864e-14    8    3    5    1
 1.524748503209055e-14    8    3    5    2
 -2.556561134818206e-13    8    3    5    3
 1.889825089258399e-13    8    3    5    4
 8.752218337210508e-10    8    3    5    5
 -0.1867929952353682    8    3    6    4
 0.001850050687487481    8    3    6    5
 -7.045821059149034e-10    8    3    6    6
 2.221849016482007e-15    8    3    7    1
 3.491678663766256e-14    8    3    7    2
 -5.572834416569428e-14    8    3    7    3
 -0.001850050687487491    8    3    7    4
 -0.1867929952353679    8    3    7    5
 -1.65474351648614e-13    8    3    7    6
 -7.061036449618652e-10    8    3    7    7
 -0.0151620485350797    8    3    8    1
 -1.345591815156758e-10    8    3    8    2
 0.2098794974959121    8    3    8    3
 -5.299923264340765e-14    8    3    8    5
 -2.393349127554994e-13    8    3    8    7
 -4.749523477282211e-10    8    3    8    8
 -1.665882399140272e-15    8    3    9    3
 5.531441422026288e-10    8    3    9    4
 9.21628423289006e-12    8    3    9    5
 -0.0808936100407866    8    3    9    6
 -0.002142089807092416    8    3    9    7
 1.733205673093867e-09    8    3    9    9
 -5.988774813250724e-14    8    3   10    3
 -9.12447501105759e-12    8    3   10    4
 5.534985894977925e-10    8    3   10    5
 0.002142089807092413    8    3   10    6
 -0.08089361004078646    8    3   10    7
 1.738554085125914e-15    8    3   10    8
 2.064659918997892e-14    8    3   10    9
 1.73333763807038e-09    8    3   10   10
 -1.261725521891724e-10    8    4    4    1
 0.006799003166385024    8    4    4    2
 7.275565665910085e-11    8    4    4    3
 -8.980731632731809e-15    8    4    5    1
 1.593235712442426e-14    8    4    5    3
 -1.371910579643191e-15    8    4    5    4
 0.008008770398021494    8    4    6    1
 9.628708584776521e-11    8    4    6    2
 -0.01504817145612811    8    4    6    3
 4.159132389533969e-15    8    4    6    5
 7.932112851510857e-05    8    4    7    1
 9.534182259621138e-13    8    4    7    2
 -0.0001490413487548609    8    4    7    3
 1.94998414430564e-14    8    4    7    6
 0.01782712852719745    8    4    8    4
 3.849521517954752e-11    8    4    8    6
 3.804387580923782e-13    8    4    8    7
 -7.616189367000319e-11    8    4    9    1
 0.00301897916934179    8    4    9    2
 4.008685492331203e-11    8    4    9    3
 -2.245591457467112e-15    8    4    9    5
 0.006695436892309985    8    4    9    8
 1.260881968185451e-12    8    4   10    1
 -5.002963127129351e-05    8    4   10    2
 -6.626047765608602e-13    8    4   10    3
 2.74039407938737e-15    8    4   10    4
 -0.0001109548029758318    8    4   10    8
 6.568877210429761e-15    8    4   10    9
 -2.21458877910746e-14    8    5    1    1
 5.857585627021232e-14    8    5    2    1
 -2.02109683594334e-14    8    5    2    2
 1.235433214215507e-14    8    5    3    1
 1.520582335253733e-14    8    5    3    2
 -5.759556629892059e-14    8    5    3    3
 -9.033347897997136e-15    8    5    4    1
 1.596435410470564e-14    8    5    4    3
 -1.831796934012237e-14    8    5    4    4
 -1.262481779451906e-10    8    5    5    1
 0.006799003166385011    8    5    5    2
 7.288937439703405e-11    8    5    5    3
 -2.105728233330899e-14    8    5    5    5
 -7.932112851512786e-05    8    5    6    1
 -9.539076008607658e-13    8    5    6    2
 0.0001490413487548605    8    5    6    3
 5.155183217230534e-14    8    5    6    4
 -1.847024944949782e-14    8    5    6    6
 0.008008770398021477    8    5    7    1
 9.628488928098142e-11    8    5    7    2
 -0.01504817145612809    8    5    7    3
 5.571839897436446e-14    8    5    7    5
 2.052655752488011e-14    8    5    7    7
 4.201356843585373e-15    8    5    8    1
 -5.299923264340766e-14    8    5    8    3
 0.01782712852719742    8    5    8    5
 -3.820542477049854e-13    8    5    8    6
 3.848817474444563e-11    8    5    8    7
 -2.140213427418619e-14    8    5    8    8
 -1.263615805136049e-12    8    5    9    1
 5.002963127128791e-05    8    5    9    2
 6.663209384148769e-13    8    5    9    3
 -1.060329518759658e-14    8    5    9    4
 2.232708391464932e-14    8    5    9    6
 0.000110954802975829    8    5    9    8
 -1.635581841124433e-14    8    5    9    9
 -7.617227193288644e-11    8    5   10    1
 0.003018979169341782    8    5   10    2
 4.010110058705509e-11    8    5   10    3
 -1.010994893921932e-14    8    5   10    5
 2.234924252009678e-14    8    5   10    7
 0.006695436892309976    8    5   10    8
 -3.218689499426795e-15    8    5   10   10
 0.009516085566196295    8    6    4    1
 1.097377144296417e-10    8    6    4    2
 -0.01659883445749372    8    6    4    3
 -9.425000451301911e-05    8    6    5    1
 -1.087076563408177e-12    8    6    5    2
 0.0001643995539601625    8    6    5    3
 4.584112446389626e-15    8    6    5    4
 -5.980861480202283e-11    8    6    6    1
 0.006755002465662165    8    6    6    2
 -5.744954918730097e-11    8    6    6    3
 -1.92440251935116e-15    8    6    6    5
 7.758294289318962e-15    8    6    7    1
 -1.4148243912136e-14    8    6    7    3
 2.037566822834339e-14    8    6    7    4
 3.849520709647092e-11    8    6    8    4
 -3.820547139966228e-13    8    6    8    5
 0.01876079729617589    8    6    8    6
 0.00217995124081313    8    6    9    1
 6.272631869890844e-12    8    6    9    2
 -0.00346344473318934    8    6    9    3
 4.437754846512627e-15    8    6    9    7
 -1.353889657413293e-11    8    6    9    8
 -5.772583681887991e-05    8    6   10    1
 -1.648371936240384e-13    8    6   10    2
 9.171317310047096e-05    8    6   10    3
 3.386502211543045e-15    8    6   10    6
 3.614984931449003e-13    8    6   10    8
 2.633827533048472e-13    8    7    2    1
 2.736182386021711e-15    8    7    3    1
 6.290394666136878e-14    8    7    3    2
 -9.161797163818311e-15    8    7    3    3
 9.425000451299822e-05    8    7    4    1
 1.086676916352642e-12    8    7    4    2
 -0.0001643995539601616    8    7    4    3
 0.009516085566196269    8    7    5    1
 1.097359691778593e-10    8    7    5    2
 -0.0165988344574937    8    7    5    3
 9.18569368411501e-15    8    7    5    5
 7.796285861061274e-15    8    7    6    1
 -1.418070833420341e-14    8    7    6    3
 2.3227266558175e-13    8    7    6    4
 -2.305233768297592e-15    8    7    6    5
 -5.973708934861019e-11    8    7    7    1
 0.006755002465662146    8    7    7    2
 -5.757975555185741e-11    8    7    7    3
 2.486217666988745e-15    8    7    7    4
 2.507226391393887e-13    8    7    7    5
 2.480568314298767e-14    8    7    8    1
 -2.393349127554994e-13    8    7    8    3
 3.804388673596284e-13    8    7    8    4
 3.848817489352343e-11    8    7    8    5
 0.01876079729617587    8    7    8    7
 5.772583681887526e-05    8    7    9    1
 1.676069405579201e-13    8    7    9    2
 -9.171317310047197e-05    8    7    9    3
 9.731810937191942e-14    8    7    9    6
 2.777026684169824e-15    8    7    9    7
 -3.549629647434781e-13    8    7    9    8
 0.002179951240813126    8    7   10    1
 6.28420422089183e-12    8    7   10    2
 -0.003463444733189342    8    7   10    3
 -2.581053559643039e-15    8    7   10    6
 1.051392269409535e-13    8    7   10    7
 -1.351186782024205e-11    8    7   10    8
 0.4476586377363195    8    8    1    1
 5.7642490977741e-10    8    8    2    1
 0.444900516963894    8    8    2    2
 -0.02213507278625757    8    8    3    1
 -1.105057650542377e-10    8    8    3    2
 0.4478900185261003    8    8    3    3
 0.411040616167231    8    8    4    4
 6.079115280245914e-15    8    8    5    1
 -9.51627550298037e-15    8    8    5    2
 -1.015374643811617e-14    8    8    5    3
 0.4110406161672304    8    8    5    5
 4.449203184095078e-10    8    8    6    4
 -4.413088053118657e-12    8    8    6    5
 0.4150452485023297    8    8    6    6
 2.358044443048612e-14    8    8    7    1
 -3.200159400379919e-14    8    8    7    3
 4.399675945390518e-12    8    8    7    4
 4.4486246008154e-10    8    8    7    5
 0.4150452485023293    8    8    7    7
 -3.193333853855465e-10    8    8    8    1
 0.03018976033200588    8    8    8    2
 -4.749523594740269e-10    8    8    8    3
 -2.140213427418622e-14    8    8    8    5
 0.467264960392022    8    8    8    8
 0.08690177228436305    8    8    9    4
 0.001440110507670717    8    8    9    5
 -9.574333358086825e-11    8    8    9    6
 -2.49338701744403e-12    8    8    9    7
 1.176196089740208e-15    8    8    9    8
 0.3820922196824381    8    8    9    9
 1.314494201096427e-14    8    8   10    2
 2.397023838064838e-14    8    8   10    3
 -0.001440110507670785    8    8   10    4
 0.08690177228436291    8    8   10    5
 2.570637767321943e-12    8    8   10    6
 -9.542254162666578e-11    8    8   10    7
 5.03277114432771e-14    8    8   10    8
 0.3820922196824376    8    8   10   10
 0.02150502301684803    9    1    4    1
 -2.192514416628107e-10    9    1    4    2
 0.003960398083482208    9    1    4    3
 0.000356374890870163    9    1    5    1
 -3.647020734709746e-12    9    1    5    2
 6.563054750965198e-05    9    1    5    3
 -1.099064699647626e-15    9    1    5    4
 -6.892202968906645e-10    9    1    6    1
 0.02350702635809323    9    1    6    2
 -3.51934952581482e-11    9    1    6    3
 -1.405087549552472e-15    9    1    6    5
 -1.823916084621367e-11    9    1    7    1
 0.0006224739077825239    9    1    7    2
 -9.296010345033324e-13    9    1    7    3
 -2.612223371741843e-15    9    1    7    4
 -7.616189386151631e-11    9    1    8    4
 -1.263615731147971e-12    9    1    8    5
 0.00217995124081313    9    1    8    6
 5.772583681887528e-05    9    1    8    7
 0.0213592510316308    9    1    9    1
 -2.187361361860352e-10    9    1    9    2
 0.001265905218637198    9    1    9    3
 -5.45586685720729e-11    9    1    9    8
 -1.613094267068654e-15    9    1   10    2
 1.73861418247243e-15    9    1   10    6
 -2.22169804150617e-10    9    2    4    1
 0.02609947708419149    9    2    4    2
 4.39381644681242e-11    9    2    4    3
 -3.696611035573099e-12    9    2    5    1
 0.0004325128269037472    9    2    5    2
 7.259611048296417e-13    9    2    5    3
 -1.734235675846828e-15    9    2    5    4
 0.02610842077577173    9    2    6    1
 5.591260988947486e-10    9    2    6    2
 0.003751185398926005    9    2    6    3
 -1.034730312188243e-15    9    2    6    5
 0.0006913597006594484    9    2    7    1
 1.482024795155451e-11    9    2    7    2
 9.933264201587596e-05    9    2    7    3
 -2.131415593397601e-15    9    2    7    6
 0.003018979169341789    9    2    8    4
 5.002963127128791e-05    9    2    8    5
 6.272632036491114e-12    9    2    8    6
 1.676069671574976e-13    9    2    8    7
 -2.187361349155388e-10    9    2    9    1
 0.02190202012996983    9    2    9    2
 -4.412378967235207e-12    9    2    9    3
 0.00163262856358186    9    2    9    8
 -1.613280863096603e-15    9    2   10    1
 1.976737828550225e-15    9    2   10    4
 1.724672974523213e-15    9    2   10    9
 1.96691273668838e-15    9    3    2    1
 0.007987497552801188    9    3    4    1
 9.146072165748707e-11    9    3    4    2
 0.002829940101359146    9    3    4    3
 0.0001323664506880629    9    3    5    1
 1.511229819955028e-12    9    3    5    2
 4.689693166107445e-05    9    3    5    3
 -7.225432259013107e-11    9    3    6    1
 0.00805105607769396    9    3    6    2
 -2.850933444862267e-11    9    3    6    3
 1.729443188169541e-15    9    3    6    4
 6.275555241473205e-15    9    3    6    5
 -1.908651902514302e-12    9    3    7    1
 0.0002131946534672182    9    3    7    2
 -7.534835891728757e-13    9    3    7    3
 2.662569922223574e-15    9    3    7    4
 1.881869397927601e-15    9    3    7    5
 1.358824863134792e-15    9    3    7    6
 -1.665882399140274e-15    9    3    8    3
 4.008685333260919e-11    9    3    8    4
 6.663209294353401e-13    9    3    8    5
 -0.003463444733189344    9    3    8    6
 -9.171317310047228e-05    9    3    8    7
 0.001265905218637197    9    3    9    1
 -4.412379229149911e-12    9    3    9    2
 0.009483785612710755    9    3    9    3
 1.43059203886814e-15    9    3    9    6
 -1.020437965294853e-15    9    3    9    7
 7.047107586290697e-11    9    3    9    8
 2.143773589470516e-15    9    3   10    4
 6.083434473916023e-15    9    3   10    6
 1.420370895843671e-15    9    3   10    7
 0.09093916309135126    9    4    1    1
 -6.819707015484812e-10    9    4    2    1
 0.09546086033594513    9    4    2    2
 0.007134079144049514    9    4    3    1
 3.631871696608262e-12    9    4    3    2
 0.07506545266097647    9    4    3    3
 0.08551242356472756    9    4    4    4
 -1.994058043721749e-15    9    4    5    1
 -1.252783326546812e-15    9    4    5    2
 7.068444879483315e-05    9    4    5    4
 0.07698168395759843    9    4    5    5
 -6.207160054137762e-10    9    4    6    4
 4.836924537275587e-12    9    4    6    5
 0.0909746955619273    9    4    6    6
 -4.999688515337026e-15    9    4    7    1
 8.761547384804071e-15    9    4    7    3
 -6.742786564640065e-12    9    4    7    4
 -5.49426145199841e-10    9    4    7    5
 0.0001780013954141538    9    4    7    6
 0.08119283024633839    9    4    7    7
 -1.598919083417444e-10    9    4    8    1
 0.003362104045167725    9    4    8    2
 5.531440902415669e-10    9    4    8    3
 -1.060329518759658e-14    9    4    8    5
 0.0869017722843631    9    4    8    8
 0.06966895969033123    9    4    9    4
 0.001025572443396657    9    4    9    5
 -7.384439465279274e-10    9    4    9    6
 -1.819383041451077e-11    9    4    9    7
 0.07639716675236455    9    4    9    9
 6.149765098095546e-15    9    4   10    2
 1.492514549569719e-14    9    4   10    3
 -0.001025572443396666    9    4   10    4
 0.05410496246696878    9    4   10    5
 1.664992937496893e-11    9    4   10    6
 -5.776773636133109e-10    9    4   10    7
 2.659570224643996e-14    9    4   10    8
 -4.792173079183355e-05    9    4   10    9
 0.07061360595677017    9    4   10   10
 0.001507016955857885    9    5    1    1
 -1.136101517994562e-11    9    5    2    1
 0.001581949187310398    9    5    2    2
 0.0001182238528379146    9    5    3    1
 4.931658110832748e-14    9    5    3    2
 0.001243962514209652    9    5    3    3
 -2.223452560242316e-15    9    5    4    1
 -1.715275625868445e-15    9    5    4    2
 0.001275717733382436    9    5    4    4
 0.004265369803564447    9    5    5    4
 0.0014170866309721    9    5    5    5
 -2.171051484497218e-15    9    5    6    1
 -2.239512356902911e-15    9    5    6    2
 7.110786614003202e-15    9    5    6    3
 -8.808175506207994e-12    9    5    6    4
 -3.561655934797189e-11    9    5    6    5
 0.001248553302370583    9    5    6    6
 -3.577221646924173e-11    9    5    7    4
 -1.069303061419003e-11    9    5    7    5
 0.004890932657794366    9    5    7    6
 0.001604556093198868    9    5    7    7
 -2.657299454844034e-12    9    5    8    1
 5.571579538659635e-05    9    5    8    2
 9.216284420606566e-12    9    5    8    3
 -2.245591457467113e-15    9    5    8    4
 0.00144011050767072    9    5    8    8
 0.00102557244339666    9    5    9    4
 0.007798994095355311    9    5    9    5
 -1.015411210256151e-11    9    5    9    6
 -8.057453983575194e-11    9    5    9    7
 0.001266031286868805    9    5    9    9
 0.007765003128007025    9    5   10    4
 0.001025572443396653    9    5   10    5
 -8.002940672511817e-11    9    5   10    6
 -1.173409694747522e-11    9    5   10    7
 0.002891780397797174    9    5   10    9
 0.001170187825285147    9    5   10   10
 -2.744789024936045e-09    9    6    1    1
 0.09698048019261438    9    6    2    1
 2.107747550973346e-09    9    6    2    2
 -1.702193092693798e-10    9    6    3    1
 0.01835069038250916    9    6    3    2
 -5.035411827112052e-10    9    6    3    3
 1.131857639758089e-15    9    6    4    3
 -6.973726053466101e-10    9    6    4    4
 -8.410122076739689e-15    9    6    5    1
 -5.088852312283129e-15    9    6    5    2
 1.071568702050894e-13    9    6    5    3
 -3.298381995870599e-13    9    6    5    4
 -6.258019599622794e-10    9    6    5    5
 0.09345307439765785    9    6    6    4
 -0.0007836240045855266    9    6    6    5
 7.570870557826611e-11    9    6    6    6
 -1.000436583084395e-14    9    6    7    2
 2.284192366302764e-14    9    6    7    3
 0.0009613357680210778    9    6    7    4
 0.08272926735919184    9    6    7    5
 2.66829709123781e-13    9    6    7    6
 6.217951440769308e-11    9    6    7    7
 0.01156521035970452    9    6    8    1
 8.673734770376391e-11    9    6    8    2
 -0.08089361004078663    9    6    8    3
 2.232708391464934e-14    9    6    8    5
 9.731810937191946e-14    9    6    8    7
 -9.574329995936337e-11    9    6    8    8
 1.430592038868142e-15    9    6    9    3
 -7.384439450276136e-10    9    6    9    4
 -1.015410930641311e-11    9    6    9    5
 0.0740735811678285    9    6    9    6
 0.001759275596368339    9    6    9    7
 -1.096782638146076e-09    9    6    9    9
 4.246593730787459e-15    9    6   10    1
 4.497266329992965e-14    9    6   10    3
 1.167266143531148e-11    9    6   10    4
 -5.781414769666371e-10    9    6   10    5
 -0.001759275596368327    9    6   10    6
 0.05880054350770336    9    6   10    7
 1.229879274102988e-12    9    6   10    9
 -1.003434360176235e-09    9    6   10   10
 -7.263885350700195e-11    9    7    1    1
 0.002568075500682735    9    7    2    1
 5.586033917266305e-11    9    7    2    2
 -4.503244264215857e-12    9    7    3    1
 0.0004859324092677054    9    7    3    2
 -1.329775683967859e-11    9    7    3    3
 -5.501708075357819e-15    9    7    4    1
 2.729273845944827e-15    9    7    4    3
 -1.723366683305792e-11    9    7    4    4
 2.983493285444041e-15    9    7    5    3
 -3.615256169474165e-11    9    7    5    4
 -1.773844517467902e-11    9    7    5    5
 -5.218150556030013e-15    9    7    6    2
 1.470341886877782e-15    9    7    6    3
 0.002243827739873212    9    7    6    4
 0.005338799960491939    9    7    6    5
 1.676536746479688e-12    9    7    6    6
 0.005385007077973806    9    7    7    4
 0.00242153950330874    9    7    7    5
 7.134972367784824e-12    9    7    7    6
 2.069612916946028e-12    9    7    7    7
 0.0003062506323541715    9    7    8    1
 2.297791230900237e-12    9    7    8    2
 -0.002142089807092419    9    7    8    3
 4.437754846512628e-15    9    7    8    6
 2.777026684169829e-15    9    7    8    7
 -2.493382451999165e-12    9    7    8    8
 -1.020437965294854e-15    9    7    9    3
 -1.819383149580127e-11    9    7    9    4
 -8.057453862565949e-11    9    7    9    5
 0.001759275596368338    9    7    9    6
 0.007683105035338123    9    7    9    7
 -2.900720581191204e-11    9    7    9    9
 1.362152257797648e-15    9    7   10    3
 -7.996772299158705e-11    9    7   10    4
 -1.661961503087486e-11    9    7   10    5
 0.007589932624786859    9    7   10    6
 0.001759275596368329    9    7   10    7
 -4.669028638866947e-11    9    7   10    9
 -2.653712461518825e-11    9    7   10   10
 1.030270483945503e-15    9    8    1    1
 1.102251458255072e-15    9    8    2    2
 -1.088077607115315e-10    9    8    4    1
 0.003419252654155751    9    8    4    2
 4.332157427108321e-11    9    8    4    3
 -1.805752675122929e-12    9    8    5    1
 5.666284525841263e-05    9    8    5    2
 7.209023791972027e-13    9    8    5    3
 -2.38328159746147e-15    9    8    5    4
 0.003894209449133656    9    8    6    1
 1.662653442424443e-12    9    8    6    2
 -0.005293403423086803    9    8    6    3
 1.462611474522883e-15    9    8    6    5
 0.0001031199666261179    9    8    7    1
 4.548205305127903e-14    9    8    7    2
 -0.0001401710902963189    9    8    7    3
 5.433883602859331e-15    9    8    7    6
 1.218416084975054e-15    9    8    7    7
 0.006695436892309985    9    8    8    4
 0.0001109548029758288    9    8    8    5
 -1.353889350593364e-11    9    8    8    6
 -3.549627314145646e-13    9    8    8    7
 1.176196089740208e-15    9    8    8    8
 -5.455866861888226e-11    9    8    9    1
 0.00163262856358186    9    8    9    2
 7.047107606749817e-11    9    8    9    3
 0.008114097312048176    9    8    9    8
 4.029689923427405e-15    9    8   10    4
 1.159072488557375e-15    9    8   10    9
 0.3915589225734974    9    9    1    1
 -1.964027981276629e-09    9    9    2    1
 0.3910507266320882    9    9    2    2
 -0.0119012572168814    9    9    3    1
 -5.584366475970263e-10    9    9    3    2
 0.3713678636193612    9    9    3    3
 0.3906650275839629    9    9    4    4
 3.242769544257286e-15    9    9    5    1
 -1.230088141559185e-14    9    9    5    2
 -1.561422872923516e-15    9    9    5    3
 0.0004144597355897342    9    9    5    4
 0.36566181133479    9    9    5    5
 -2.055784041134182e-09    9    9    6    4
 1.352605678904976e-11    9    9    6    5
 0.3945137705239537    9    9    6    6
 8.014881516107185e-15    9    9    7    1
 4.064851898096966e-15    9    9    7    3
 -2.462034841297373e-11    9    9    7    4
 -1.79860914723218e-09    9    9    7    5
 0.0006732488390058057    9    9    7    6
 0.369107113903746    9    9    7    7
 -4.037448597781786e-10    9    9    8    1
 0.02239164915559707    9    9    8    2
 1.733205550791902e-09    9    9    8    3
 -1.635581841124436e-14    9    9    8    5
 0.3820922196824382    9    9    8    8
 0.07639716675236459    9    9    9    4
 0.001266031286868813    9    9    9    5
 -1.096782698426261e-09    9    9    9    6
 -2.900721402646403e-11    9    9    9    7
 0.3760814114043119    9    9    9    9
 9.011254148699131e-15    9    9   10    2
 1.94962538830658e-14    9    9   10    3
 -0.001170187825285214    9    9   10    4
 0.0706136059567701    9    9   10    5
 2.659881439690188e-11    9    9   10    6
 -1.003126869831878e-09    9    9   10    7
 3.375077435007766e-14    9    9   10    8
 0.3502561603582194    9    9   10   10
 5.100791657430769e-15   10    1    2    1
 5.920293260024549e-15   10    1    3    1
 1.692935937935576e-14   10    1    3    2
 2.231552350675189e-15   10    1    3    3
 -0.0003563748908701684   10    1    4    1
 3.621852473779764e-12   10    1    4    2
 -6.563054750964855e-05   10    1    4    3
 0.02150502301684803   10    1    5    1
 -2.193485570898007e-10   10    1    5    2
 0.003960398083482206   10    1    5    3
 -2.137973148257016e-15   10    1    5    5
 1.826054578212678e-11   10    1    6    1
 -0.0006224739077825257   10    1    6    2
 9.338956189060035e-13   10    1    6    3
 4.533912879989037e-15   10    1    6    4
 -6.891319481177784e-10   10    1    7    1
 0.0235070263580932   10    1    7    2
 -3.517600152475809e-11   10    1    7    3
 1.28567934999712e-14   10    1    8    1
 1.260882065294881e-12   10    1    8    4
 -7.617227328223213e-11   10    1    8    5
 -5.772583681887991e-05   10    1    8    6
 0.002179951240813124   10    1    8    7
 -1.613223802206252e-15   10    1    9    2
 4.246593730787459e-15   10    1    9    6
 0.02135925103163079   10    1   10    1
 -2.187456562581172e-10   10    1   10    2
 0.001265905218637207   10    1   10    3
 5.354139093084834e-15   10    1   10    7
 -5.45604713128237e-11   10    1   10    8
 1.02593527984101e-14   10    2    1    1
 1.173226304259918e-14   10    2    2    2
 1.760664612604701e-14   10    2    3    1
 7.197879741047661e-15   10    2    3    2
 1.430901733225229e-14   10    2    3    3
 3.669190842241509e-12   10    2    4    1
 -0.0004325128269037521   10    2    4    2
 -7.299701342939245e-13   10    2    4    3
 9.630298014966931e-15   10    2    4    4
 -2.22275795203332e-10   10    2    5    1
 0.02609947708419146   10    2    5    2
 4.392258772065358e-11   10    2    5    3
 6.163712405046971e-15   10    2    5    5
 -0.0006913597006594501   10    2    6    1
 -1.479375462528877e-11   10    2    6    2
 -9.933264201587177e-05   10    2    6    3
 9.904814638427721e-15   10    2    6    6
 0.02610842077577171   10    2    7    1
 5.592352359482642e-10   10    2    7    2
 0.00375118539892601   10    2    7    3
 5.62125274429748e-15   10    2    7    7
 1.586721128169489e-14   10    2    8    2
 -5.002963127129342e-05   10    2    8    4
 0.003018979169341782   10    2    8    5
 -1.648371033514061e-13   10    2    8    6
 6.284202514915058e-12   10    2    8    7
 1.314494201096427e-14   10    2    8    8
 -1.61329147089265e-15   10    2    9    1
 6.149765098095551e-15   10    2    9    4
 9.011254148699137e-15   10    2    9    9
 -2.187456518043649e-10   10    2   10    1
 0.02190202012996982   10    2   10    2
 -4.411923195496852e-12   10    2   10    3
 7.236769872204822e-15   10    2   10    5
 0.001632628563581857   10    2   10    8
 1.244760729006592e-14   10    2   10   10
 2.509228170684153e-14   10    3    1    1
 7.09370398174177e-14   10    3    2    1
 2.633912178409634e-14   10    3    2    2
 4.172748351707157e-15   10    3    3    1
 1.876335023083692e-14   10    3    3    2
 2.228491161900833e-14   10    3    3    3
 -0.0001323664506880619   10    3    4    1
 -1.5193903326627e-12   10    3    4    2
 -4.689693166107452e-05   10    3    4    3
 2.124936798625551e-14   10    3    4    4
 0.007987497552801188   10    3    5    1
 9.14287870684795e-11   10    3    5    2
 0.002829940101359146   10    3    5    3
 2.205349455147936e-14   10    3    5    5
 1.917235915577288e-12   10    3    6    1
 -0.000213194653467217   10    3    6    2
 7.561587499722772e-13   10    3    6    3
 6.036290047735476e-14   10    3    6    4
 2.241266453461399e-14   10    3    6    6
 -7.221947153425283e-11   10    3    7    1
 0.008051056077693962   10    3    7    2
 -2.849818773174158e-11   10    3    7    3
 6.929998803575213e-14   10    3    7    5
 2.51268693816901e-14   10    3    7    7
 1.351618560108428e-14   10    3    8    1
 -5.988774813250728e-14   10    3    8    3
 -6.626048154777177e-13   10    3    8    4
 4.010109885688585e-11   10    3    8    5
 9.171317310047069e-05   10    3    8    6
 -0.003463444733189341   10    3    8    7
 2.397023838064842e-14   10    3    8    8
 1.492514549569724e-14   10    3    9    4
 4.497266329992968e-14   10    3    9    6
 1.362152257797648e-15   10    3    9    7
 1.949625388306578e-14   10    3    9    9
 0.001265905218637208   10    3   10    1
 -4.411925085681109e-12   10    3   10    2
 0.009483785612710748   10    3   10    3
 1.659957158677613e-14   10    3   10    5
 -1.354911181459603e-15   10    3   10    6
 5.003287918344101e-14   10    3   10    7
 7.047629377188916e-11   10    3   10    8
 2.11123418650029e-14   10    3   10   10
 -0.001507016955857958   10    4    1    1
 1.125101829772964e-11   10    4    2    1
 -0.001581949187310472   10    4    2    2
 -0.0001182238528379103   10    4    3    1
 -6.937207282226618e-14   10    4    3    2
 -0.001243962514209717   10    4    3    3
 1.423700296907487e-15   10    4    4    2
 1.177757616931413e-15   10    4    4    3
 -0.001417086630972173   10    4    4    4
 0.004265369803564462   10    4    5    4
 -0.001275717733382501   10    4    5    5
 1.308515250489422e-15   10    4    6    1
 3.351696573964705e-15   10    4    6    3
 1.059641615830122e-11   10    4    6    4
 -3.578154324255657e-11   10    4    6    5
 -0.001604556093198939   10    4    6    6
 -3.555292665087181e-11   10    4    7    4
 8.70174393576059e-12   10    4    7    5
 0.00489093265779438   10    4    7    6
 -0.001248553302370646   10    4    7    7
 2.643230070551221e-12   10    4    8    1
 -5.571579538660341e-05   10    4    8    2
 -9.124474051376433e-12   10    4    8    3
 2.740394079387367e-15   10    4    8    4
 -0.001440110507670787   10    4    8    8
 1.976737828550225e-15   10    4    9    2
 2.143773589470519e-15   10    4    9    3
 -0.001025572443396666   10    4    9    4
 0.007765003128007024   10    4    9    5
 1.16726581130001e-11   10    4    9    6
 -7.996771998403775e-11   10    4    9    7
 4.029689923427405e-15   10    4    9    8
 -0.001170187825285218   10    4    9    9
 0.007798994095355314   10    4   10    4
 -0.001025572443396668   10    4   10    5
 -8.057804360683472e-11   10    4   10    6
 1.007188205403158e-11   10    4   10    7
 0.002891780397797182   10    4   10    9
 -0.001266031286868875   10    4   10   10
 0.09093916309135111   10    5    1    1
 -6.823953809256502e-10   10    5    2    1
 0.09546086033594497   10    5    2    2
 0.00713407914404951   10    5    3    1
 3.554166111998795e-12   10    5    3    2
 0.07506545266097633   10    5    3    3
 0.07698168395759847   10    5    4    4
 -4.198145667702303e-15   10    5    5    1
 -1.555036858886099e-15   10    5    5    2
 2.117911937330335e-15   10    5    5    3
 -7.068444879484408e-05   10    5    5    4
 0.08551242356472723   10    5    5    5
 -5.497448915220287e-10   10    5    6    4
 6.740148263897165e-12   10    5    6    5
 0.08119283024633837   10    5    6    6
 -5.877171136457364e-15   10    5    7    1
 -2.193240409672178e-15   10    5    7    2
 1.922240897795546e-14   10    5    7    3
 -4.866489710056324e-12   10    5    7    4
 -6.211782304251488e-10   10    5    7    5
 -0.0001780013954141467   10    5    7    6
 0.09097469556192701   10    5    7    7
 -1.599459150044392e-10   10    5    8    1
 0.003362104045167716   10    5    8    2
 5.534985200169085e-10   10    5    8    3
 -1.010994893921936e-14   10    5    8    5
 0.08690177228436295   10    5    8    8
 0.05410496246696878   10    5    9    4
 0.001025572443396655   10    5    9    5
 -5.781414574807633e-10   10    5    9    6
 -1.661961610904192e-11   10    5    9    7
 0.07061360595677013   10    5    9    9
 7.236769872204821e-15   10    5   10    2
 1.659957158677617e-14   10    5   10    3
 -0.001025572443396666   10    5   10    4
 0.069668959690331   10    5   10    5
 1.825647050091089e-11   10    5   10    6
 -7.385245401082672e-10   10    5   10    7
 3.015869830939649e-14   10    5   10    8
 4.792173079183181e-05   10    5   10    9
 0.07639716675236433   10    5   10   10
 7.272005701411595e-11   10    6    1    1
 -0.002568075500682735   10    6    2    1
 -5.577470857381067e-11   10    6    2    2
 4.51100914149586e-12   10    6    3    1
 -0.0004859324092677026   10    6    3    2
 1.336441407993236e-11   10    6    3    3
 1.273983076685729e-15   10    6    4    1
 3.596337193039579e-15   10    6    4    3
 1.777688963649622e-11   10    6    4    4
 -2.872693128630106e-15   10    6    5    3
 -3.616002696787055e-11   10    6    5    4
 1.731726081709262e-11   10    6    5    5
 1.45914329323912e-15   10    6    6    2
 1.489954929855916e-15   10    6    6    3
 -0.002421539503308744   10    6    6    4
 0.005385007077973822   10    6    6    5
 -1.966643005300265e-12   10    6    6    6
 0.005338799960491957   10    6    7    4
 -0.002243827739873199   10    6    7    5
 7.115933062875829e-12   10    6    7    6
 -1.605238518865129e-12   10    6    7    7
 -0.0003062506323541744   10    6    8    1
 -2.296013997859223e-12   10    6    8    2
 0.002142089807092414   10    6    8    3
 3.386502211543042e-15   10    6    8    6
 -2.581053559643032e-15   10    6    8    7
 2.570638553094039e-12   10    6    8    8
 1.73861418247243e-15   10    6    9    1
 6.083434473916023e-15   10    6    9    3
 1.664992451564679e-11   10    6    9    4
 -8.002940127940769e-11   10    6    9    5
 -0.00175927559636833   10    6    9    6
 0.007589932624786859   10    6    9    7
 2.65988195825964e-11   10    6    9    9
 -1.354911181459601e-15   10    6   10    3
 -8.057803997927054e-11   10    6   10    4
 1.825647216871877e-11   10    6   10    5
 0.007683105035338125   10    6   10    6
 -0.00175927559636833   10    6   10    7
 -4.669671638258463e-11   10    6   10    9
 2.907469842759131e-11   10    6   10   10
 -2.74445197781642e-09   10    7    1    1
 0.09698048019261421   10    7    2    1
 2.108102736920025e-09   10    7    2    2
 -1.701878364818648e-10   10    7    3    1
 0.01835069038250913   10    7    3    2
 -5.032643543696071e-10   10    7    3    3
 1.021522512414451e-15   10    7    4    3
 -6.248058532327864e-10   10    7    4    4
 -1.265938928742716e-14   10    7    5    1
 -5.026745111952953e-15   10    7    5    2
 1.134812767852833e-13   10    7    5    3
 1.523659140200326e-13   10    7    5    4
 -6.978603551474871e-10   10    7    5    5
 0.08272926735919191   10    7    6    4
 -0.0009613357680210721   10    7    6    5
 6.181861199813161e-11   10    7    6    6
 -1.379036982812073e-14   10    7    7    2
 2.580093944895582e-14   10    7    7    3
 0.000783624004585526   10    7    7    4
 0.09345307439765754   10    7    7    5
 -1.104095020772644e-13   10    7    7    6
 7.679122407027513e-11   10    7    7    7
 0.0115652103597045   10    7    8    1
 8.674536446519214e-11   10    7    8    2
 -0.08089361004078649   10    7    8    3
 2.234924252009677e-14   10    7    8    5
 1.051392269409534e-13   10    7    8    7
 -9.54225224093025e-11   10    7    8    8
 1.42037089584367e-15   10    7    9    3
 -5.776773556045482e-10   10    7    9    4
 -1.173409817186135e-11   10    7    9    5
 0.05880054350770338   10    7    9    6
 0.00175927559636833   10    7    9    7
 -1.003127010424259e-09   10    7    9    9
 5.354139093084834e-15   10    7   10    1
 5.003287918344102e-14   10    7   10    3
 1.00718811806612e-11   10    7   10    4
 -7.385245594426413e-10   10    7   10    5
 -0.001759275596368331   10    7   10    6
 0.07407358116782829   10    7   10    7
 -1.24311283152101e-12   10    7   10    9
 -1.096552584763663e-09   10    7   10   10
 4.448669470692653e-14   10    8    1    1
 4.726742249684832e-14   10    8    2    2
 7.507670874903281e-15   10    8    3    1
 2.91742047132438e-14   10    8    3    3
 1.800908145556624e-12   10    8    4    1
 -5.666284525841524e-05   10    8    4    2
 -7.153939987108369e-13   10    8    4    3
 3.769500653986775e-14   10    8    4    4
 -1.08826167839153e-10   10    8    5    1
 0.003419252654155739   10    8    5    2
 4.334286643350687e-11   10    8    5    3
 3.292871432864204e-14   10    8    5    5
 -0.0001031199666261202   10    8    6    1
 -4.279822571886142e-14   10    8    6    2
 0.0001401710902963198   10    8    6    3
 3.995291791487031e-14   10    8    6    6
 0.003894209449133645   10    8    7    1
 1.674127715319295e-12   10    8    7    2
 -0.005293403423086801   10    8    7    3
 1.570123406776178e-15   10    8    7    5
 5.081781478623197e-14   10    8    7    7
 2.696878084405389e-15   10    8    8    2
 1.738554085125858e-15   10    8    8    3
 -0.0001109548029758318   10    8    8    4
 0.006695436892309981   10    8    8    5
 3.614986956629903e-13   10    8    8    6
 -1.351186838028414e-11   10    8    8    7
 5.03277114432771e-14   10    8    8    8
 2.659570224643997e-14   10    8    9    4
 3.375077435007764e-14   10    8    9    9
 -5.456047110253699e-11   10    8   10    1
 0.001632628563581857   10    8   10    2
 7.047629544516999e-11   10    8   10    3
 3.015869830939651e-14   10    8   10    5
 0.008114097312048169   10    8   10    8
 3.60672890514159e-14   10    8   10   10
 -2.385468287977146e-14   10    9    2    1
 -5.578643676413785e-15   10    9    3    2
 4.566015729050527e-15   10    9    4    2
 3.448124719398343e-15   10    9    4    3
 -0.0004144597355897186   10    9    4    4
 0.0125016081245861   10    9    5    4
 0.0004144597355897153   10    9    5    5
 4.183856373547244e-15   10    9    6    1
 1.02797542197474e-14   10    9    6    3
 5.515823565281811e-12   10    9    6    4
 -1.286695615620696e-10   10    9    6    5
 -0.0006732488390057943   10    9    6    6
 -1.285659091095569e-10   10    9    7    4
 -5.564117018043546e-12   10    9    7    5
 0.0127033283101037   10    9    7    6
 0.0006732488390057905   10    9    7    7
 -1.32915619611833e-15   10    9    8    1
 2.064467717359463e-14   10    9    8    3
 6.568877210429757e-15   10    9    8    4
 1.724672974523214e-15   10    9    9    2
 -4.792173079183366e-05   10    9    9    4
 0.002891780397797171   10    9    9    5
 1.22987370118206e-12   10    9    9    6
 -4.669028375366908e-11   10    9    9    7
 1.159072488557374e-15   10    9    9    8
 0.002891780397797184   10    9   10    4
 4.792173079182749e-05   10    9   10    5
 -4.669671981163704e-11   10    9   10    6
 -1.24311070345661e-12   10    9   10    7
 0.01291262552304584   10    9   10    9
 0.3915589225734969   10   10    1    1
 -1.964180540003455e-09   10   10    2    1
 0.3910507266320876   10   10    2    2
 -0.01190125721688136   10   10    3    1
 -5.584725131563905e-10   10   10    3    2
 0.3713678636193606   10   10    3    3
 0.3656618113347901   10   10    4    4
 3.3709196216594e-15   10   10    5    1
 -3.174671647814878e-15   10   10    5    2
 5.334904535332166e-15   10   10    5    3
 -0.0004144597355897119   10   10    5    4
 0.3906650275839615   10   10    5    5
 -1.798699855881101e-09   10   10    6    4
 2.463599694475712e-11   10   10    6    5
 0.3691071139037457   10   10    6    6
 1.636686788253142e-14   10   10    7    1
 2.462258946343298e-14   10   10    7    3
 -1.357042515409725e-11   10   10    7    4
 -2.055995795298806e-09   10   10    7    5
 -0.0006732488390057923   10   10    7    6
 0.3945137705239528   10   10    7    7
 -4.037530543529516e-10   10   10    8    1
 0.02239164915559703   10   10    8    2
 1.733337524634182e-09   10   10    8    3
 -3.218689499426823e-15   10   10    8    5
 0.3820922196824376   10   10    8    8
 0.07061360595677009   10   10    9    4
 0.001170187825285145   10   10    9    5
 -1.003434294009833e-09   10   10    9    6
 -2.653711710401771e-11   10   10    9    7
 0.3502561603582193   10   10    9    9
 1.244760729006591e-14   10   10   10    2
 2.111234186500289e-14   10   10   10    3
 -0.001266031286868871   10   10   10    4
 0.07639716675236434   10   10   10    5
 2.907469867111329e-11   10   10   10    6
 -1.096552627237284e-09   10   10   10    7
 3.606728905141588e-14   10   10   10    8
 0.3760814114043106   10   10   10   10
 -4.520002732241147    1    1  0  0
 -4.279287843265606e-10    2    1  0  0
 -4.479774192324901    2    2  0  0
 0.1344361320977997    3    1  0  0
 1.264200407922347e-09    3    2  0  0
 -3.983456724527735    3    3  0  0
 -3.898482558318975    4    4  0  0
 -3.6941905300189e-14    5    1  0  0
 1.315149893218119e-13    5    2  0  0
 2.328934017508048e-14    5    3  0  0
 -3.898482558318968    5    5  0  0
 2.979320479912278e-10    6    4  0  0
 -2.90744787752288e-12    6    5  0  0
 -3.910940149949776    6    6  0  0
 -9.421819917150587e-14    7    1  0  0
 -7.659849777312003e-15    7    3  0  0
 2.997735356877522e-12    7    4  0  0
 2.983201754304736e-10    7    5  0  0
 -3.910940149949773    7    7  0  0
 2.705370633898124e-09    8    1  0  0
 -0.228791576713382    8    2  0  0
 -3.450460480364787e-10    8    3  0  0
 1.449328470341714e-15    8    4  0  0
 1.287849889425412e-13    8    5  0  0
 -4.003522934099436    8    8  0  0
 1.095617105069916e-15    9    1  0  0
 -2.075362402443517e-15    9    2  0  0
 -1.602563372403235e-15    9    3  0  0
 -0.7077068815139506    9    4  0  0
 -0.01172790945027132    9    5  0  0
 2.223682258614391e-09    9    6  0  0
 5.851242860284562e-11    9    7  0  0
 -9.051341428557677e-15    9    8  0  0
 -2.818297782903555    9    9  0  0
 -7.43043892627524e-14   10    2  0  0
 -1.951710376226189e-13   10    3  0  0
 0.01172790945027192   10    4  0  0
 -0.7077068815139504   10    5  0  0
 -5.919571549432377e-11   10    6  0  0
 2.220852361071804e-09   10    7  0  0
 -3.838755208001957e-13   10    8  0  0
 -2.818297782903551   10   10  0  0
 -84.17436164893778  0  0  0  0
