 &FCI NORB=  10,NELEC=10,MS2=0,
  ORBSYM=1,1,1,1,1,1,1,1,1,1,
  ISYM=1,
 &END
 0.6973126640792469    1    1    1    1
 0.01114831166768307    2    1    1    1
 0.0006404530011809916    2    1    2    1
 0.2106237826012591    2    2    1    1
 -0.007121419788231404    2    2    2    1
 0.6978877854012276    2    2    2    2
 0.01575999425244569    3    1    1    1
 0.003333997756958789    3    1    2    1
 -0.03025449977933337    3    1    2    2
 0.06786721505793186    3    1    3    1
 0.02881739773550536    3    2    1    1
 -0.001562068093808813    3    2    2    1
 -0.01771114387110967    3    2    2    2
 -0.004673481685754428    3    2    3    1
 0.0661261285794765    3    2    3    2
 0.4337625215746226    3    3    1    1
 0.0004437574596594901    3    3    2    1
 0.4302448056742676    3    3    2    2
 -0.01180513229941477    3    3    3    1
 0.01031499160721168    3    3    3    2
 0.4394561706942698    3    3    3    3
 0.00221747073489704    4    1    1    1
 -0.0007797071524634104    4    1    2    1
 0.006916529029650769    4    1    2    2
 -0.02853683483349188    4    1    3    1
 2.516118595449576e-05    4    1    3    2
 0.003703028160455806    4    1    3    3
 0.06791186385709481    4    1    4    1
 -0.0003302571065824124    4    2    1    1
 -0.0005235960938855019    4    2    2    1
 0.005579341166068709    4    2    2    2
 -0.001072038661166486    4    2    3    1
 0.02909493623107285    4    2    3    2
 0.0001986235917389936    4    2    3    3
 -0.001464628510027067    4    2    4    1
 0.06923355184141021    4    2    4    2
 -0.09516207423766222    4    3    1    1
 -0.003357531473294062    4    3    2    1
 0.09659898461065611    4    3    2    2
 -0.008824646674489081    4    3    3    1
 -0.009893874490480993    4    3    3    2
 -0.0004678401182868071    4    3    3    3
 0.001023434273213706    4    3    4    1
 0.001120126186786205    4    3    4    2
 0.0565450638522775    4    3    4    3
 0.4354970154713909    4    4    1    1
 0.001779979203782081    4    4    2    1
 0.4408937279964009    4    4    2    2
 -0.009286376954770029    4    4    3    1
 0.007699631583294704    4    4    3    2
 0.4143796168856653    4    4    3    3
 0.006227155079765851    4    4    4    1
 0.003933615376253836    4    4    4    2
 0.001667638356452553    4    4    4    3
 0.4482492687550513    4    4    4    4
 0.008864136304095504    5    1    1    1
 -0.000265456169423802    5    1    2    1
 0.001685176757766067    5    1    2    2
 -0.03140024379289183    5    1    3    1
 -0.001191141412676254    5    1    3    2
 0.002160033766297294    5    1    3    3
 0.0317143030088437    5    1    4    1
 0.0001736366521027094    5    1    4    2
 -0.0004414862661931241    5    1    4    3
 0.005624667774700888    5    1    4    4
 0.07096415416072292    5    1    5    1
 0.01178767252026346    5    2    1    1
 -0.001047709993137548    5    2    2    1
 0.003243407708982326    5    2    2    2
 -0.004079213238194347    5    2    3    1
 0.03112383324049713    5    2    3    2
 0.008650516618098385    5    2    3    3
 0.003354112723133235    5    2    4    1
 -0.03142785647696925    5    2    4    2
 -0.001136513012660737    5    2    4    3
 0.007774551580039587    5    2    4    4
 0.0004651980545105597    5    2    5    1
 0.06629061436900598    5    2    5    2
 -0.1035687365505237    5    3    1    1
 -0.004193960143624519    5    3    2    1
 0.1034981826527928    5    3    2    2
 -0.01183396314917146    5    3    3    1
 -0.008356803558649243    5    3    3    2
 0.0001242191008815914    5    3    3    3
 0.00279789110039988    5    3    4    1
 0.002991072143743237    5    3    4    2
 0.04216513670208413    5    3    4    3
 -0.005465715033803146    5    3    4    4
 -0.0002852659827339726    5    3    5    1
 -0.002248996309060732    5    3    5    2
 0.06275737479863612    5    3    5    3
 0.1069886281269258    5    4    1    1
 0.003978691816923954    5    4    2    1
 -0.1053253413591572    5    4    2    2
 0.009565833095921163    5    4    3    1
 0.009921506148132198    5    4    3    2
 0.007904841969974078    5    4    3    3
 -1.649263489930577e-06    5    4    4    1
 -0.0006224642272127779    5    4    4    2
 -0.04314227726458032    5    4    4    3
 -0.0003957238232051911    5    4    4    4
 0.002380515129905043    5    4    5    1
 0.001553978834057327    5    4    5    2
 -0.04693258353180257    5    4    5    3
 0.06527722626178201    5    4    5    4
 0.4468922872932471    5    5    1    1
 0.002181133514879356    5    5    2    1
 0.4297246339824783    5    5    2    2
 -0.008428230906806366    5    5    3    1
 0.007595442011934023    5    5    3    2
 0.415493573241937    5    5    3    3
 0.00628021446934675    5    5    4    1
 0.001478406569021504    5    5    4    2
 -0.01024961717234391    5    5    4    3
 0.4208384460622374    5    5    4    4
 0.007693824542951104    5    5    5    1
 0.009428472909986487    5    5    5    2
 -0.004182278509245697    5    5    5    3
 0.005045000487749331    5    5    5    4
 0.4487222454415739    5    5    5    5
 -0.00753053652387208    6    1    1    1
 0.0006448534678460746    6    1    2    1
 -0.004125281328018497    6    1    2    2
 0.02773920805869153    6    1    3    1
 -0.0007509915631588696    6    1    3    2
 -0.005228885220808565    6    1    3    3
 0.03329988602687809    6    1    4    1
 -0.0006253326668088153    6    1    4    2
 0.001074993654773203    6    1    4    3
 -0.005568983939651938    6    1    4    4
 -0.02934124305030714    6    1    5    1
 0.0003800856812113857    6    1    5    2
 0.0004522994808931654    6    1    5    3
 -0.0003708872773400877    6    1    5    4
 -0.007008238654991058    6    1    5    5
 0.06799683943424457    6    1    6    1
 -0.009574124295993568    6    2    1    1
 0.001017984361789384    6    2    2    1
 -0.003246498511686823    6    2    2    2
 0.004244143956594783    6    2    3    1
 -0.02755895103483755    6    2    3    2
 -0.008769193653110052    6    2    3    3
 0.001469550938019461    6    2    4    1
 -0.03339068614756464    6    2    4    2
 0.001806220734570767    6    2    4    3
 -0.009046855884156534    6    2    4    4
 -0.002799789644312704    6    2    5    1
 0.02893216430151039    6    2    5    2
 -0.0002000356614378731    6    2    5    3
 -0.0005121081739848339    6    2    5    4
 -0.006645741327869579    6    2    5    5
 0.003868740576387782    6    2    6    1
 0.06774946510020582    6    2    6    2
 0.09115424069470056    6    3    1    1
 0.003588021265868817    6    3    2    1
 -0.09087692415602031    6    3    2    2
 0.009923478708780626    6    3    3    1
 0.007916507866613142    6    3    3    2
 0.0004151176324337944    6    3    3    3
 0.0006600118024638927    6    3    4    1
 0.0005583499484640306    6    3    4    2
 -0.03681649558725635    6    3    4    3
 -0.007945007713143604    6    3    4    4
 -5.718847864876485e-05    6    3    5    1
 -0.001005806536590467    6    3    5    2
 -0.04026299639724815    6    3    5    3
 0.03722027605775485    6    3    5    4
 0.009764739105377795    6    3    5    5
 0.002672755269173249    6    3    6    1
 -0.003509072978829274    6    3    6    2
 0.05099029660447102    6    3    6    3
 0.111710477772497    6    4    1    1
 0.004263107742335772    6    4    2    1
 -0.1127567126230536    6    4    2    2
 0.01031226920481151    6    4    3    1
 0.009628354229062828    6    4    3    2
 -0.005418035993708038    6    4    3    3
 -0.001774178487754069    6    4    4    1
 -0.003594806410264715    6    4    4    2
 -0.04596800325195851    6    4    4    3
 -0.001873392409286829    6    4    4    4
 0.0009781019145522266    6    4    5    1
 0.003369883589530588    6    4    5    2
 -0.03932028037819931    6    4    5    3
 0.05051213811012161    6    4    5    4
 -0.003302683933455656    6    4    5    5
 -0.001802293280344906    6    4    6    1
 0.0005936594450646565    6    4    6    2
 0.04348827251856243    6    4    6    3
 0.07072538276395138    6    4    6    4
 -0.1005877980978094    6    5    1    1
 -0.003537761649120323    6    5    2    1
 0.0966464236407612    6    5    2    2
 -0.007668909344125225    6    5    3    1
 -0.009616156019749038    6    5    3    2
 -0.009107927278042476    6    5    3    3
 0.001009585850203196    6    5    4    1
 0.001744192771733211    6    5    4    2
 0.03654859160314752    6    5    4    3
 0.006995233064952896    6    5    4    4
 -0.003538782622240092    6    5    5    1
 -0.002227776536973437    6    5    5    2
 0.0438415446401904    6    5    5    3
 -0.04428176110228625    6    5    5    4
 -0.005948032264262707    6    5    5    5
 0.002684319392122903    6    5    6    1
 9.421610086497933e-05    6    5    6    2
 -0.03831826262117082    6    5    6    3
 -0.04686918835671122    6    5    6    4
 0.05857326101108212    6    5    6    5
 0.4353380141747671    6    6    1    1
 0.001997347343408887    6    6    2    1
 0.4327291430869741    6    6    2    2
 -0.007017663667958111    6    6    3    1
 0.005569350540818389    6    6    3    2
 0.4097029087250181    6    6    3    3
 0.001935335529592223    6    6    4    1
 0.003666806728951641    6    6    4    2
 0.007145591352144213    6    6    4    3
 0.4176250023314553    6    6    4    4
 0.00623973377727944    6    6    5    1
 0.004982539766047967    6    6    5    2
 -0.006945964823814176    6    6    5    3
 -0.005963935076347851    6    6    5    4
 0.4157687491362748    6    6    5    5
 -0.008178879252907348    6    6    6    1
 -0.008857060216945193    6    6    6    2
 0.001062412479158371    6    6    6    3
 -5.424261773808048e-05    6    6    6    4
 -0.002483471102089681    6    6    6    5
 0.4407851402862796    6    6    6    6
 -0.0008596571086193769    7    1    1    1
 0.001631694984991676    7    1    2    1
 -0.0128774097126687    7    1    2    2
 0.03081027036342675    7    1    3    1
 -0.003294932821996004    7    1    3    2
 -0.01030966522217889    7    1    3    3
 0.02970671008418719    7    1    4    1
 -0.0007672935704841641    7    1    4    2
 -0.001375979585544352    7    1    4    3
 -0.007677915643008192    7    1    4    4
 0.02821655900126433    7    1    5    1
 -0.0002161798063345445    7    1    5    2
 -0.001583117718589877    7    1    5    3
 0.003157889289264507    7    1    5    4
 -0.006368114549602136    7    1    5    5
 0.03045006203832937    7    1    6    1
 0.002656493387118134    7    1    6    2
 0.003455374327626329    7    1    6    3
 0.001443690115041253    7    1    6    4
 -0.001994513311371857    7    1    6    5
 -0.007911829952186448    7    1    6    6
 0.06479318414426265    7    1    7    1
 0.002285665415404148    7    2    1    1
 0.0006131100197347426    7    2    2    1
 -0.01132726192176301    7    2    2    2
 0.0005602878050056805    7    2    3    1
 -0.03113390122354031    7    2    3    2
 -3.986601221774776e-05    7    2    3    3
 0.002431867632130727    7    2    4    1
 -0.02961056227379972    7    2    4    2
 -0.002136374679959844    7    2    4    3
 -0.004513465862143271    7    2    4    4
 0.003990677306725922    7    2    5    1
 -0.02924440877180156    7    2    5    2
 -0.002828703348434184    7    2    5    3
 0.00213269005544211    7    2    5    4
 -0.004519215582685364    7    2    5    5
 0.0001865075110604287    7    2    6    1
 -0.02998057948723028    7    2    6    2
 0.004040053195354447    7    2    6    3
 0.002793900732120646    7    2    6    4
 -0.002226591231765371    7    2    6    5
 -0.001995441743081184    7    2    6    6
 0.002659759682449792    7    2    7    1
 0.07094880583170089    7    2    7    2
 0.1026298917697733    7    3    1    1
 0.003307229483359128    7    3    2    1
 -0.1017829714578882    7    3    2    2
 0.007124135658622056    7    3    3    1
 0.01301792152574039    7    3    3    2
 0.003006347648678658    7    3    3    3
 0.001160521987882999    7    3    4    1
 0.0002345660059084499    7    3    4    2
 -0.0416782852089185    7    3    4    3
 -0.006703407806913609    7    3    4    4
 0.003946039964053446    7    3    5    1
 0.003321387812638946    7    3    5    2
 -0.04499273205159684    7    3    5    3
 0.03621084709393656    7    3    5    4
 -0.002560630124231639    7    3    5    5
 -0.0004720097289038411    7    3    6    1
 -0.0005970819732413906    7    3    6    2
 0.03939022745046476    7    3    6    3
 0.04467291938949944    7    3    6    4
 -0.04035804299357982    7    3    6    5
 0.007212901981832495    7    3    6    6
 0.003714985750283987    7    3    7    1
 0.0001276678224180406    7    3    7    2
 0.06100689773511718    7    3    7    3
 0.09992618421435011    7    4    1    1
 0.003905175882517184    7    4    2    1
 -0.1005487418272758    7    4    2    2
 0.009478013214684234    7    4    3    1
 0.007940666141117166    7    4    3    2
 -0.006306521945928958    7    4    3    3
 -0.001775809859771182    7    4    4    1
 -0.002628757163254283    7    4    4    2
 -0.04089406405834901    7    4    4    3
 -0.001564608336866343    7    4    4    4
 0.001221668759390958    7    4    5    1
 0.001584182627206952    7    4    5    2
 -0.04037090601759758    7    4    5    3
 0.0448435877221767    7    4    5    4
 0.009669688705838045    7    4    5    5
 -0.001498733457781102    7    4    6    1
 -0.0004732345040863716    7    4    6    2
 0.03641824737227641    7    4    6    3
 0.04778931701687535    7    4    6    4
 -0.03169718115633637    7    4    6    5
 0.007878990428263127    7    4    6    6
 0.001297066378725873    7    4    7    1
 0.003829922014808134    7    4    7    2
 0.04394979655070422    7    4    7    3
 0.0597384051466901    7    4    7    4
 0.09357258923952225    7    5    1    1
 0.003723802661300971    7    5    2    1
 -0.1005048240021132    7    5    2    2
 0.009738918235398622    7    5    3    1
 0.007926318781061915    7    5    3    2
 -0.009444422544012572    7    5    3    3
 -0.0002588261734288548    7    5    4    1
 -0.0005972260397227463    7    5    4    2
 -0.0363659175986053    7    5    4    3
 0.002858397466180436    7    5    4    4
 0.00137433006191673    7    5    5    1
 -0.0001638529110114169    7    5    5    2
 -0.0427439577552472    7    5    5    3
 0.04410145616362541    7    5    5    4
 0.0001935509207222388    7    5    5    5
 0.0002351218397544393    7    5    6    1
 -0.001310894189475268    7    5    6    2
 0.02798820703559414    7    5    6    3
 0.04303432718754908    7    5    6    4
 -0.04006287694777116    7    5    6    5
 -0.009175877856498706    7    5    6    6
 0.003067539458536602    7    5    7    1
 0.003257551699001996    7    5    7    2
 0.04203813404712817    7    5    7    3
 0.04096071310270585    7    5    7    4
 0.0572209575367882    7    5    7    5
 0.1031163137057657    7    6    1    1
 0.00372020344590235    7    6    2    1
 -0.09938256945414288    7    6    2    2
 0.008966212550972992    7    6    3    1
 0.01018082870320064    7    6    3    2
 0.008715471935779069    7    6    3    3
 -0.002543558489126527    7    6    4    1
 0.0004596773521621226    7    6    4    2
 -0.03087746782389533    7    6    4    3
 0.008065742741528929    7    6    4    4
 0.0005343916258531385    7    6    5    1
 0.001154754434066453    7    6    5    2
 -0.04141952388255288    7    6    5    3
 0.04249651105425044    7    6    5    4
 -0.001216263570091079    7    6    5    5
 -0.001400755056994989    7    6    6    1
 -0.001347512050454788    7    6    6    2
 0.03869822063128902    7    6    6    3
 0.04829426529884083    7    6    6    4
 -0.04245040016575723    7    6    6    5
 0.002557566424580308    7    6    6    6
 0.0008854426344455472    7    6    7    1
 0.001973753009648013    7    6    7    2
 0.04389753380959838    7    6    7    3
 0.04276586344488757    7    6    7    4
 0.04200669113602298    7    6    7    5
 0.06092669399816438    7    6    7    6
 0.4231122794856576    7    7    1    1
 0.001441049910460142    7    7    2    1
 0.4447918884429208    7    7    2    2
 -0.008250699079980932    7    7    3    1
 0.006302719799413312    7    7    3    2
 0.4115089441628665    7    7    3    3
 0.003322427929800805    7    7    4    1
 0.004437554545070067    7    7    4    2
 0.01175340783179856    7    7    4    3
 0.4159776550694473    7    7    4    4
 0.004311501827411805    7    7    5    1
 0.008373382265554579    7    7    5    2
 0.01099897029011665    7    7    5    3
 0.002757301583023187    7    7    5    4
 0.4153522940178256    7    7    5    5
 -0.006043475966509147    7    7    6    1
 -0.005938347554323134    7    7    6    2
 0.003006757790171843    7    7    6    3
 0.001373832723876603    7    7    6    4
 0.008691320631808767    7    7    6    5
 0.4123165199418202    7    7    6    6
 -0.007329758190966548    7    7    7    1
 -0.006936118489557929    7    7    7    2
 -0.005309306028334144    7    7    7    3
 -0.005072970610828216    7    7    7    4
 -0.008066047697261014    7    7    7    5
 -0.002931329957317473    7    7    7    6
 0.4403061215736383    7    7    7    7
 0.01046974528187833    8    1    1    1
 -0.001073503266405312    8    1    2    1
 0.009355884098786155    8    1    2    2
 -0.0291795530692127    8    1    3    1
 0.002076222957587885    8    1    3    2
 0.01092743590545832    8    1    3    3
 0.02812804776175351    8    1    4    1
 0.0002775123401477638    8    1    4    2
 0.0002423909451411675    8    1    4    3
 0.01151550732926484    8    1    4    4
 -0.03065623298125856    8    1    5    1
 0.001736058899214266    8    1    5    2
 0.000167952401312611    8    1    5    3
 0.0004107290344835628    8    1    5    4
 0.009666311144071483    8    1    5    5
 0.03022542158711128    8    1    6    1
 0.002021234451012479    8    1    6    2
 0.002010386275638874    8    1    6    3
 0.0008791900061853881    8    1    6    4
 0.00102189260897583    8    1    6    5
 0.00767151901681153    8    1    6    6
 -0.0317066979010017    8    1    7    1
 -0.002554834010808277    8    1    7    2
 -0.0006903528553873777    8    1    7    3
 0.0007553179412842508    8    1    7    4
 0.0006790986430576164    8    1    7    5
 0.0008464941605160745    8    1    7    6
 0.00959565298964426    8    1    7    7
 0.0692518390563677    8    1    8    1
 0.01540796534617004    8    2    1    1
 -0.001398611485247434    8    2    2    1
 0.006455419462223356    8    2    2    2
 -0.005784447644635577    8    2    3    1
 0.02890770119962289    8    2    3    2
 0.01495143201157394    8    2    3    3
 0.003604796973016509    8    2    4    1
 -0.02791644243951377    8    2    4    2
 -0.001198208910684048    8    2    4    3
 0.01299866320247994    8    2    4    4
 0.0006434874678077064    8    2    5    1
 0.03032611842436675    8    2    5    2
 -0.002712651409939724    8    2    5    3
 0.000658292914895493    8    2    5    4
 0.01231746450639574    8    2    5    5
 0.0006848479761110143    8    2    6    1
 -0.03104954059530657    8    2    6    2
 0.001743287106561462    8    2    6    3
 0.001870026915196206    8    2    6    4
 -0.001230349120473222    8    2    6    5
 0.01195272832385698    8    2    6    6
 -0.0021163931285875    8    2    7    1
 0.03130611995498117    8    2    7    2
 0.001323816787679748    8    2    7    3
 0.001923022016138716    8    2    7    4
 0.0004173549932653631    8    2    7    5
 0.0005761192604993261    8    2    7    6
 0.009926052697732614    8    2    7    7
 0.002312057931104144    8    2    8    1
 0.0682321943424625    8    2    8    2
 -0.0944728130813873    8    3    1    1
 -0.003708868810834633    8    3    2    1
 0.09374656839839905    8    3    2    2
 -0.009998312500274172    8    3    3    1
 -0.007897284637876869    8    3    3    2
 -0.0005849509577334367    8    3    3    3
 0.002347376179973547    8    3    4    1
 0.003131485823389216    8    3    4    2
 0.03826096264597961    8    3    4    3
 -0.005124051770774004    8    3    4    4
 -0.001871331784575174    8    3    5    1
 -0.003191105423213449    8    3    5    2
 0.04083796482623865    8    3    5    3
 -0.0390774812435375    8    3    5    4
 0.003177025717902412    8    3    5    5
 0.002095022568243918    8    3    6    1
 0.0006754510728243195    8    3    6    2
 -0.03641887980316082    8    3    6    3
 -0.04199298614669104    8    3    6    4
 0.02981676134198094    8    3    6    5
 0.005530441487411171    8    3    6    6
 -0.003271193752119248    8    3    7    1
 -0.003222920110199935    8    3    7    2
 -0.04047010608673731    8    3    7    3
 -0.03067396242287859    8    3    7    4
 -0.03573711141113665    8    3    7    5
 -0.03713483335150203    8    3    7    6
 -0.003377384388213405    8    3    7    7
 0.002126876583342911    8    3    8    1
 -0.002958487610183129    8    3    8    2
 0.05390588595441746    8    3    8    3
 0.09501104196032385    8    4    1    1
 0.003439890631546161    8    4    2    1
 -0.09281639444090869    8    4    2    2
 0.008374732592196924    8    4    3    1
 0.009419047050623772    8    4    3    2
 0.007638583355785852    8    4    3    3
 0.001067250179867879    8    4    4    1
 0.0009537026723009733    8    4    4    2
 -0.03817974806105379    8    4    4    3
 9.97881189259494e-05    8    4    4    4
 0.001609295019605957    8    4    5    1
 0.0004924566675816993    8    4    5    2
 -0.03797720449962488    8    4    5    3
 0.0424449371131086    8    4    5    4
 -0.002835000135505342    8    4    5    5
 0.0009435772361807958    8    4    6    1
 -0.001527868670312359    8    4    6    2
 0.02692092297092557    8    4    6    3
 0.04434813919269681    8    4    6    4
 -0.03640084749862996    8    4    6    5
 0.00898400636885514    8    4    6    6
 0.003397726798639183    8    4    7    1
 0.001809864964135507    8    4    7    2
 0.03796538185803694    8    4    7    3
 0.03987004081864661    8    4    7    4
 0.02875850397390533    8    4    7    5
 0.03680226067936875    8    4    7    6
 -0.009910703953561464    8    4    7    7
 0.001130650774807801    8    4    8    1
 0.0001202791584560221    8    4    8    2
 -0.03735705113327988    8    4    8    3
 0.05509400808253937    8    4    8    4
 -0.1010881619136473    8    5    1    1
 -0.004033151135598688    8    5    2    1
 0.1017687891866469    8    5    2    2
 -0.009798381855324449    8    5    3    1
 -0.009467893498589565    8    5    3    2
 0.006306512184786463    8    5    3    3
 0.002570802558923583    8    5    4    1
 -0.0007296726376413513    8    5    4    2
 0.03117316695031924    8    5    4    3
 0.008133819570258632    8    5    4    4
 -8.407715814544665e-05    8    5    5    1
 -0.0005547573613093415    8    5    5    2
 0.04422092379722654    8    5    5    3
 -0.04549206283390948    8    5    5    4
 -0.003493363666798478    8    5    5    5
 0.001237477123054143    8    5    6    1
 0.002397513272205028    8    5    6    2
 -0.03681815384545471    8    5    6    3
 -0.04395339108629056    8    5    6    4
 0.04258707470114088    8    5    6    5
 -0.007072868532984037    8    5    6    6
 -0.0007155396219921734    8    5    7    1
 -0.002619565910119553    8    5    7    2
 -0.03988971359095856    8    5    7    3
 -0.04064916207780658    8    5    7    4
 -0.04220746437596749    8    5    7    5
 -0.03369798422848647    8    5    7    6
 -0.002307538999389994    8    5    7    7
 -0.001719020672615979    8    5    8    1
 -0.001551761976908209    8    5    8    2
 0.04022936663730468    8    5    8    3
 -0.04041499986042711    8    5    8    4
 0.06141846485746651    8    5    8    5
 0.09832017562268497    8    6    1    1
 0.004164667074941739    8    6    2    1
 -0.1068771075510903    8    6    2    2
 0.01119859546915339    8    6    3    1
 0.008099938407227404    8    6    3    2
 -0.009818811105292556    8    6    3    3
 -0.0001008319684218486    8    6    4    1
 -0.001505846929405539    8    6    4    2
 -0.03930549622364025    8    6    4    3
 0.001819314594257442    8    6    4    4
 0.0009296582962716906    8    6    5    1
 0.002703454755142589    8    6    5    2
 -0.04140379613232584    8    6    5    3
 0.03588070228001349    8    6    5    4
 0.006182533250338566    8    6    5    5
 0.0005871525628413431    8    6    6    1
 0.001523073548032347    8    6    6    2
 0.03950720520179138    8    6    6    3
 0.04911598453533353    8    6    6    4
 -0.04278003666291073    8    6    6    5
 -0.003619528010167869    8    6    6    6
 0.003804909100120036    8    6    7    1
 0.0004456917145888806    8    6    7    2
 0.03444762738717421    8    6    7    3
 0.03960241377623545    8    6    7    4
 0.03915405815448759    8    6    7    5
 0.04390481402025649    8    6    7    6
 -0.01516218409297664    8    6    7    7
 0.001024410693023543    8    6    8    1
 -0.000720478580836319    8    6    8    2
 -0.04110698701756513    8    6    8    3
 0.04110293029083131    8    6    8    4
 -0.04421738472225513    8    6    8    5
 0.06262007639879513    8    6    8    6
 -0.1074091704240684    8    7    1    1
 -0.003809155828404577    8    7    2    1
 0.1032327545376284    8    7    2    2
 -0.009659666358459943    8    7    3    1
 -0.01052602124650692    8    7    3    2
 -0.009233813247852002    8    7    3    3
 0.002880292850808334    8    7    4    1
 0.001030532890488327    8    7    4    2
 0.03935942223313856    8    7    4    3
 0.005449523193726346    8    7    4    4
 0.001184850591566239    8    7    5    1
 -0.003221798374351128    8    7    5    2
 0.03564185790827688    8    7    5    3
 -0.04408264562886786    8    7    5    4
 -0.01196425095573019    8    7    5    5
 0.00101503606869201    8    7    6    1
 -0.0004096972214368514    8    7    6    2
 -0.03724564964273693    8    7    6    3
 -0.04002654837796485    8    7    6    4
 0.04055749072283917    8    7    6    5
 0.004624079068029896    8    7    6    6
 -0.0006899288509529195    8    7    7    1
 -0.001011638722548135    8    7    7    2
 -0.04541796438607062    8    7    7    3
 -0.04513112217318649    8    7    7    4
 -0.04294328268270169    8    7    7    5
 -0.04595054451951493    8    7    7    6
 0.002812449830978644    8    7    7    7
 -0.001570608658956294    8    7    8    1
 -0.0002130390447618704    8    7    8    2
 0.04214180783218138    8    7    8    3
 -0.04198924433607064    8    7    8    4
 0.04549825973774056    8    7    8    5
 -0.04594978843310391    8    7    8    6
 0.06490046123177977    8    7    8    7
 0.4437566106933424    8    8    1    1
 0.00172938023023242    8    8    2    1
 0.4381752031404474    8    8    2    2
 -0.008352022949953073    8    8    3    1
 0.006716828805415152    8    8    3    2
 0.4173359002839511    8    8    3    3
 0.006387376793894233    8    8    4    1
 -9.593310793505646e-05    8    8    4    2
 -0.006935930578444125    8    8    4    3
 0.4219939114835045    8    8    4    4
 0.001994842099595656    8    8    5    1
 0.007898410443500774    8    8    5    2
 0.005283493412152907    8    8    5    3
 -0.004479821896497463    8    8    5    4
 0.4229138193698976    8    8    5    5
 -0.003063368205817932    8    8    6    1
 -0.008493444422233437    8    8    6    2
 -0.005157755075279311    8    8    6    3
 0.007241433871163233    8    8    6    4
 -0.009553482982660068    8    8    6    5
 0.4187022927300597    8    8    6    6
 -0.008593918807647063    8    8    7    1
 -0.0009375413076319514    8    8    7    2
 0.008202187005790994    8    8    7    3
 -0.005672978374541953    8    8    7    4
 0.004927629821363068    8    8    7    5
 -0.004449629639798025    8    8    7    6
 0.4188475672039524    8    8    7    7
 0.01404174826463267    8    8    8    1
 0.01465757523311187    8    8    8    2
 -0.001785851837679285    8    8    8    3
 0.00229455465104814    8    8    8    4
 -0.0009713011170536798    8    8    8    5
 -0.003082766693725764    8    8    8    6
 -0.003478179893340316    8    8    8    7
 0.4544191377452401    8    8    8    8
 0.000840202139934713    9    1    1    1
 3.637167915521988e-05    9    1    2    1
 -0.0004318299604708886    9    1    2    2
 -0.002764538489402555    9    1    3    1
 0.0005704396261313631    9    1    3    2
 -0.00014176640097231    9    1    3    3
 0.01879038957894272    9    1    4    1
 0.002213248010818621    9    1    4    2
 0.001914626928527326    9    1    4    3
 -9.007421821554843e-05    9    1    4    4
 0.01273721743011146    9    1    5    1
 9.310004755136637e-05    9    1    5    2
 0.0008894421138023009    9    1    5    3
 0.000857149185892011    9    1    5    4
 0.0006263421960376419    9    1    5    5
 0.009636676510084735    9    1    6    1
 0.0001008471785017853    9    1    6    2
 0.0009789673799516202    9    1    6    3
 -0.0004633274323929188    9    1    6    4
 -0.000225249702324203    9    1    6    5
 -0.0002779461544074725    9    1    6    6
 0.01560632672768224    9    1    7    1
 -0.0004121248883077637    9    1    7    2
 0.001369434172733076    9    1    7    3
 0.0002679343905429191    9    1    7    4
 0.0005715324540540617    9    1    7    5
 0.0001029462989293609    9    1    7    6
 0.0003502836445074534    9    1    7    7
 0.0002444346007182943    9    1    8    1
 -0.0008656099445687944    9    1    8    2
 -0.0003415898108424255    9    1    8    3
 0.001190245021739773    9    1    8    4
 1.030312370750056e-05    9    1    8    5
 0.0006114673982096965    9    1    8    6
 9.238129796137577e-05    9    1    8    7
 -0.0003108823380627342    9    1    8    8
 0.01871178074669078    9    1    9    1
 0.0001070480086687184    9    2    1    1
 -0.000109630482363326    9    2    2    1
 0.001186230162833188    9    2    2    2
 -0.0002970145796020087    9    2    3    1
 0.008739663833793839    9    2    3    2
 -0.00109513098444785    9    2    3    3
 0.002129591517026489    9    2    4    1
 0.02010479307569456    9    2    4    2
 -0.001795658982717365    9    2    4    3
 0.001474848941034025    9    2    4    4
 0.001396612984078891    9    2    5    1
 -0.005685839178370149    9    2    5    2
 0.0004511635219250447    9    2    5    3
 -9.634077552799178e-05    9    2    5    4
 0.0005809786315132469    9    2    5    5
 0.001050081245523243    9    2    6    1
 -0.003971798952903462    9    2    6    2
 -2.072172080918353e-05    9    2    6    3
 -0.0005821835830464527    9    2    6    4
 0.0001831043786552485    9    2    6    5
 0.0003761123558803774    9    2    6    6
 0.001684821528208621    9    2    7    1
 -0.014355861612477    9    2    7    2
 0.0006335799690580051    9    2    7    3
 -0.001203099759338292    9    2    7    4
 -2.628024150485654e-05    9    2    7    5
 -7.75280118076122e-05    9    2    7    6
 0.0009867396646092237    9    2    7    7
 -1.189135338980404e-05    9    2    8    1
 -0.011846883691798    9    2    8    2
 0.001357852413498372    9    2    8    3
 0.0003252763817890715    9    2    8    4
 0.0002253551691398065    9    2    8    5
 3.137880560525732e-05    9    2    8    6
 0.000454115487463491    9    2    8    7
 -7.536385411640778e-05    9    2    8    8
 -7.776881363156097e-06    9    2    9    1
 0.01875672563151393    9    2    9    2
 -0.01043079221061544    9    3    1    1
 -0.0005428523247026869    9    3    2    1
 0.03593900689837878    9    3    2    2
 -0.001601486312189511    9    3    3    1
 -0.004275692978324078    9    3    3    2
 0.01081957157553749    9    3    3    3
 0.00443877319798393    9    3    4    1
 -0.004069841380045605    9    3    4    2
 0.01141393430758553    9    3    4    3
 0.0125237386297888    9    3    4    4
 0.00251259122632062    9    3    5    1
 0.001368966419800672    9    3    5    2
 0.009910981519385464    9    3    5    3
 -0.01046247915453223    9    3    5    4
 0.009192093873863005    9    3    5    5
 0.002491425036225161    9    3    6    1
 0.0006211647217962551    9    3    6    2
 -0.008053959071081787    9    3    6    3
 -0.01034870283370904    9    3    6    4
 0.008743041898360514    9    3    6    5
 0.01197077430177534    9    3    6    6
 0.003474120782272855    9    3    7    1
 0.00230283670178658    9    3    7    2
 -0.009837700993836141    9    3    7    3
 -0.01083952574368634    9    3    7    4
 -0.009513703540580298    9    3    7    5
 -0.007658556066478612    9    3    7    6
 0.014314395667242    9    3    7    7
 -0.0005097205343508087    9    3    8    1
 0.003227221986737676    9    3    8    2
 0.00789071722260315    9    3    8    3
 -0.00917897958203304    9    3    8    4
 0.008337113698757398    9    3    8    5
 -0.009495843982693429    9    3    8    6
 0.009392156696670342    9    3    8    7
 0.01106508143458057    9    3    8    8
 4.460324101304452e-05    9    3    9    1
 -1.958903295387534e-05    9    3    9    2
 0.01438824506951972    9    3    9    3
 0.08141510791799264    9    4    1    1
 0.001895491802209532    9    4    2    1
 0.08603929854812317    9    4    2    2
 0.003943871483560669    9    4    3    1
 -0.003720515278325761    9    4    3    2
 0.06881772291889603    9    4    3    3
 -0.0006176867685440757    9    4    4    1
 0.001982653740306341    9    4    4    2
 0.003027310642989675    9    4    4    3
 0.08443228050772247    9    4    4    4
 0.00102127877171987    9    4    5    1
 -0.000241762428491316    9    4    5    2
 -0.001424518801718049    9    4    5    3
 0.000446377098621694    9    4    5    4
 0.07713319852718019    9    4    5    5
 -0.001183717024816236    9    4    6    1
 -0.0006878454436355624    9    4    6    2
 -0.001433998999573339    9    4    6    3
 -0.0007083934671502004    9    4    6    4
 0.001917270022295667    9    4    6    5
 0.075097805399579    9    4    6    6
 0.0002760053538918791    9    4    7    1
 -0.002409654708952558    9    4    7    2
 -0.004231869846193745    9    4    7    3
 -0.000595335751587505    9    4    7    4
 -2.095992307538388e-06    9    4    7    5
 0.002371050994341882    9    4    7    6
 0.07631199743869374    9    4    7    7
 0.00163735070915177    9    4    8    1
 0.0003622470645718017    9    4    8    2
 -0.001060642409623383    9    4    8    3
 -0.001639407175956107    9    4    8    4
 0.002003808693078501    9    4    8    5
 -0.001077842508891093    9    4    8    6
 0.001852113217218746    9    4    8    7
 0.07720290590928976    9    4    8    8
 0.0001167433556039143    9    4    9    1
 0.0003741450408781761    9    4    9    2
 0.007984725250988384    9    4    9    3
 0.05872760961252546    9    4    9    4
 0.05235057938282975    9    5    1    1
 0.001760408394359979    9    5    2    1
 -0.02183867153225488    9    5    2    2
 0.003211033426832046    9    5    3    1
 0.001896913200894642    9    5    3    2
 0.01365802231263478    9    5    3    3
 0.001216408322661901    9    5    4    1
 -0.0006629403898017061    9    5    4    2
 -0.01447578676640109    9    5    4    3
 0.01348101065418143    9    5    4    4
 0.001957224608594124    9    5    5    1
 9.451073845312928e-05    9    5    5    2
 -0.01540093068401575    9    5    5    3
 0.02095235991123559    9    5    5    4
 0.01688413466829938    9    5    5    5
 -0.0003837166101116097    9    5    6    1
 0.0003176264086205323    9    5    6    2
 0.01294516093935355    9    5    6    3
 0.0166930839464418    9    5    6    4
 -0.01442715807224891    9    5    6    5
 0.01215824116392588    9    5    6    6
 0.001203309212995158    9    5    7    1
 0.0009743064823560607    9    5    7    2
 0.01222363590575934    9    5    7    3
 0.01564648384731515    9    5    7    4
 0.01472301015226722    9    5    7    5
 0.01368818445200993    9    5    7    6
 0.01451912106123323    9    5    7    7
 0.001361325332628995    9    5    8    1
 -0.0002498162732139784    9    5    8    2
 -0.01358890791886191    9    5    8    3
 0.0142384830014301    9    5    8    4
 -0.0167263809782193    9    5    8    5
 0.01326355296081559    9    5    8    6
 -0.01601751239881712    9    5    8    7
 0.01316212751644289    9    5    8    8
 0.0003003271234157541    9    5    9    1
 8.618882816466224e-05    9    5    9    2
 -0.005252631273727451    9    5    9    3
 0.008616343655389765    9    5    9    4
 0.02031346853084313    9    5    9    5
 0.03944510005734261    9    6    1    1
 0.001318725817789264    9    6    2    1
 -0.01523674401490107    9    6    2    2
 0.00272032821015217    9    6    3    1
 0.001274762042195861    9    6    3    2
 0.008960057728264137    9    6    3    3
 -0.0009435853648380981    9    6    4    1
 -0.0006319857618944714    9    6    4    2
 -0.01044340221756258    9    6    4    3
 0.01029175014494507    9    6    4    4
 0.000186176187865621    9    6    5    1
 7.881264490213785e-05    9    6    5    2
 -0.009610015663893091    9    6    5    3
 0.01221289602409569    9    6    5    4
 0.009862056692217397    9    6    5    5
 -0.00116123033403147    9    6    6    1
 0.0002772259708918508    9    6    6    2
 0.01103868402113463    9    6    6    3
 0.0170563554233603    9    6    6    4
 -0.01037091582151431    9    6    6    5
 0.01214195059038682    9    6    6    6
 -0.0005691649380974135    9    6    7    1
 0.0007658904274081356    9    6    7    2
 0.01140075182940097    9    6    7    3
 0.01238830159350214    9    6    7    4
 0.009458585186311709    9    6    7    5
 0.01174656021823371    9    6    7    6
 0.01259476834370224    9    6    7    7
 0.001052973259725544    9    6    8    1
 -0.0001309122342598768    9    6    8    2
 -0.01018560583005114    9    6    8    3
 0.01034258899647261    9    6    8    4
 -0.01046831651793968    9    6    8    5
 0.009958553528979503    9    6    8    6
 -0.009234043471097101    9    6    8    7
 0.01269542817914789    9    6    8    8
 -6.13340315675829e-05    9    6    9    1
 -0.0002900872646872141    9    6    9    2
 -0.004138628125849681    9    6    9    3
 0.006984800779445843    9    6    9    4
 0.009526168047687994    9    6    9    5
 0.01411245315129112    9    6    9    6
 0.06303074227383176    9    7    1    1
 0.002343096991885129    9    7    2    1
 -0.05719761409393146    9    7    2    2
 0.004409649844537292    9    7    3    1
 0.00349791353516749    9    7    3    2
 0.001386641232428634    9    7    3    3
 0.0008030101347869935    9    7    4    1
 -0.002633917929289108    9    7    4    2
 -0.02348220508866164    9    7    4    3
 0.002042558524281839    9    7    4    4
 0.001964083262708435    9    7    5    1
 0.0003899992005045608    9    7    5    2
 -0.02390806647245184    9    7    5    3
 0.02523413009565949    9    7    5    4
 0.00647958990609538    9    7    5    5
 -0.0009171479543094009    9    7    6    1
 0.0008059916572655277    9    7    6    2
 0.02124724256650544    9    7    6    3
 0.02682664797430444    9    7    6    4
 -0.02134491129715252    9    7    6    5
 0.004152026544746329    9    7    6    6
 0.0007615087587333497    9    7    7    1
 0.003001211830213977    9    7    7    2
 0.02590714243497437    9    7    7    3
 0.02913910743676455    9    7    7    4
 0.02466471726500745    9    7    7    5
 0.02538458144634766    9    7    7    6
 -7.733814664389281e-05    9    7    7    7
 0.001741364451118589    9    7    8    1
 0.0001358140434916546    9    7    8    2
 -0.02058161035662443    9    7    8    3
 0.02217304362877574    9    7    8    4
 -0.02371316184462959    9    7    8    5
 0.02364013934991277    9    7    8    6
 -0.02729064543964185    9    7    8    7
 0.002382100967480288    9    7    8    8
 7.902517413026228e-05    9    7    9    1
 -0.0002753823828771086    9    7    9    2
 -0.01044820991856489    9    7    9    3
 0.0007141801467108721    9    7    9    4
 0.01836792937113104    9    7    9    5
 0.01349096692829793    9    7    9    6
 0.03641979437662239    9    7    9    7
 -0.001055100933969353    9    8    1    1
 0.0003067107867754223    9    8    2    1
 -0.04934505931855415    9    8    2    2
 0.000278607117782192    9    8    3    1
 0.003261818590955094    9    8    3    2
 -0.01916644461087174    9    8    3    3
 0.001511725233211613    9    8    4    1
 -2.906315481472141e-05    9    8    4    2
 -0.009982179130428648    9    8    4    3
 -0.02272401354442788    9    8    4    4
 0.001106701147959382    9    8    5    1
 -0.0001722058116147541    9    8    5    2
 -0.009708043519834696    9    8    5    3
 0.01074056647662091    9    8    5    4
 -0.02369463349695371    9    8    5    5
 0.0005621330331130157    9    8    6    1
 0.0002118207798194673    9    8    6    2
 0.006976087841846867    9    8    6    3
 0.01083820016685326    9    8    6    4
 -0.008778383780359621    9    8    6    5
 -0.02076346139129589    9    8    6    6
 0.001041674673834199    9    8    7    1
 0.0008239768844676658    9    8    7    2
 0.009062074083048073    9    8    7    3
 0.01051964391486421    9    8    7    4
 0.00699640067299372    9    8    7    5
 0.00988041926847506    9    8    7    6
 -0.02626598905861009    9    8    7    7
 0.0002262208162129664    9    8    8    1
 -0.0009514667198842668    9    8    8    2
 -0.008337810479234367    9    8    8    3
 0.01408113790797249    9    8    8    4
 -0.009019459630759782    9    8    8    5
 0.01149508216342778    9    8    8    6
 -0.009840622529449261    9    8    8    7
 -0.02558943325674682    9    8    8    8
 0.0004042636400998129    9    8    9    1
 0.0002111035599232892    9    8    9    2
 -0.006677809892900375    9    8    9    3
 -0.01592559179245531    9    8    9    4
 0.004279164242285364    9    8    9    5
 0.002958840416039176    9    8    9    6
 0.01119525986107123    9    8    9    7
 0.01658846015307823    9    8    9    8
 0.3797669490177585    9    9    1    1
 0.0009932897000003366    9    9    2    1
 0.3798333498095067    9    9    2    2
 -0.009618569842997554    9    9    3    1
 0.008087955314328243    9    9    3    2
 0.3643244491512668    9    9    3    3
 0.00463022334493537    9    9    4    1
 0.002128652202986711    9    9    4    2
 0.003473576598086379    9    9    4    3
 0.3848580049553825    9    9    4    4
 0.004364809520478221    9    9    5    1
 0.007551719469167762    9    9    5    2
 -0.00198319438652837    9    9    5    3
 0.004015609402244191    9    9    5    4
 0.3694539980241941    9    9    5    5
 -0.005309824540159064    9    9    6    1
 -0.007309002811127319    9    9    6    2
 -0.001920609131941352    9    9    6    3
 0.002528536556265003    9    9    6    4
 0.002629756967125012    9    9    6    5
 0.3634276286557792    9    9    6    6
 -0.007650722662278106    9    9    7    1
 -0.002932381271441068    9    9    7    2
 -0.003584212199264228    9    9    7    3
 -1.76931715492493e-05    9    9    7    4
 0.005521710101627958    9    9    7    5
 0.007191853925583307    9    9    7    6
 0.3732554494459218    9    9    7    7
 0.009669866044344567    9    9    8    1
 0.01173386443292526    9    9    8    2
 -0.002873904212481125    9    9    8    3
 -0.005766401022885366    9    9    8    4
 0.002136207821752244    9    9    8    5
 -0.001933115003409728    9    9    8    6
 0.003428673866633078    9    9    8    7
 0.369673450711668    9    9    8    8
 5.911397119659949e-05    9    9    9    1
 0.0003537146996323787    9    9    9    2
 0.009272983164422632    9    9    9    3
 0.06080005649232253    9    9    9    4
 0.01105984994230408    9    9    9    5
 0.008756575397083428    9    9    9    6
 0.002106726608512728    9    9    9    7
 -0.01835094665041105    9    9    9    8
 0.3572080690579981    9    9    9    9
 0.00101610719114686   10    1    1    1
 6.924356836959122e-06   10    1    2    1
 -0.0001611939213189197   10    1    2    2
 -0.003881736874339765   10    1    3    1
 8.306105775294501e-05   10    1    3    2
 -0.0003441712245913225   10    1    3    3
 -0.005017665726867978   10    1    4    1
 -0.000679912384095306   10    1    4    2
 -0.000743275473295068   10    1    4    3
 0.000335162800895426   10    1    4    4
 0.01555265154053499   10    1    5    1
 0.001828080883101154   10    1    5    2
 0.00146695951431877   10    1    5    3
 -5.427912269400602e-05   10    1    5    4
 0.001488699798178562   10    1    5    5
 -0.01677703144002017   10    1    6    1
 0.0006146773160051127   10    1    6    2
 -0.0009982212995591291   10    1    6    3
 0.0005272585256711541   10    1    6    4
 -0.0009756218176227518   10    1    6    5
 0.0006747093083933755   10    1    6    6
 0.002183598245091829   10    1    7    1
 -0.001060803521368853   10    1    7    2
 0.000110821024360828   10    1    7    3
 0.0001426304764500758   10    1    7    4
 0.0002220825924139067   10    1    7    5
 0.000166716134073849   10    1    7    6
 0.0003438963331136259   10    1    7    7
 -0.01611269743194445   10    1    8    1
 -0.0009663970372029688   10    1    8    2
 -0.001879201763558204   10    1    8    3
 -1.024137804398632e-05   10    1    8    4
 0.0001376838259693613   10    1    8    5
 0.0003322363097735088   10    1    8    6
 -0.0005625130457427239   10    1    8    7
 -0.0009729474023832686   10    1    8    8
 -0.0001423865728169852   10    1    9    1
 -1.203941558340058e-05   10    1    9    2
 -8.164639621780296e-05   10    1    9    3
 0.0001397570684922896   10    1    9    4
 0.0001393739415312392   10    1    9    5
 7.098504206703426e-05   10    1    9    6
 0.0001939080238029266   10    1    9    7
 -8.14566766025452e-07   10    1    9    8
 0.0002245596027723899   10    1    9    9
 0.0184436817967617   10    1   10    1
 4.850499150167389e-05   10    2    1    1
 -4.515385333497461e-05   10    2    2    1
 0.001464252207954847   10    2    2    2
 -0.0004512343187587088   10    2    3    1
 0.002423355539049068   10    2    3    2
 7.759298227814399e-05   10    2    3    3
 -0.0005532328764103354   10    2    4    1
 -0.006794742389550637   10    2    4    2
 0.0008718044806456038   10    2    4    3
 0.0001310219859320891   10    2    4    4
 0.001809810490797409   10    2    5    1
 0.01616149742268656   10    2    5    2
 -0.001553660292379828   10    2    5    3
 0.000206455079460152   10    2    5    4
 0.0005797843153380926   10    2    5    5
 -0.001818427169264671   10    2    6    1
 0.01722197129372146   10    2    6    2
 -0.001463164161204217   10    2    6    3
 0.000135819429790968   10    2    6    4
 -0.0002660456620773202   10    2    6    5
 0.0002598023524295219   10    2    6    6
 0.000237619482016367   10    2    7    1
 -0.01507573525274843   10    2    7    2
 0.001111446683787014   10    2    7    3
 -0.0001756940582774938   10    2    7    4
 -0.0008728152374705332   10    2    7    5
 -0.0003685163019655825   10    2    7    6
 0.001377824064929889   10    2    7    7
 -0.001834881757466555   10    2    8    1
 -0.004062718193938318   10    2    8    2
 0.0008014393347743743   10    2    8    3
 -0.0005858832691183147   10    2    8    4
 0.0006646896982114029   10    2    8    5
 0.0001090283228825189   10    2    8    6
 0.00024676446752333   10    2    8    7
 -0.0001800917038900705   10    2    8    8
 -1.903328222948551e-05   10    2    9    1
 -9.225578109546148e-05   10    2    9    2
 0.0001523364611746857   10    2    9    3
 0.0002480419409247693   10    2    9    4
 -5.199315405541125e-05   10    2    9    5
 -3.137751612731002e-05   10    2    9    6
 -0.0002268137563189912   10    2    9    7
 -0.0001816379361169712   10    2    9    8
 0.0003494920681256269   10    2    9    9
 -3.487091169131928e-05   10    2   10    1
 0.01857284803340403   10    2   10    2
 -0.0159666042336903   10    3    1    1
 -0.0005562928357968777   10    3    2    1
 0.009804224349799334   10    3    2    2
 -0.001892764778914127   10    3    3    1
 -0.00139749019623455   10    3    3    2
 -0.002718954088150856   10    3    3    3
 -0.001232273539815724   10    3    4    1
 0.00170350775747049   10    3    4    2
 0.004342295369149253   10    3    4    3
 -0.002972862556571215   10    3    4    4
 0.003419617172248742   10    3    5    1
 -0.003698328013592975   10    3    5    2
 0.00719846794919919   10    3    5    3
 -0.004946636420289498   10    3    5    4
 -0.003778148380482912   10    3    5    5
 -0.003390803833826833   10    3    6    1
 -0.004103771417712355   10    3    6    2
 -0.004741772006781596   10    3    6    3
 -0.004254137749267293   10    3    6    4
 0.006404388002960416   10    3    6    5
 -0.004661969613480278   10    3    6    6
 0.0004119457226807551   10    3    7    1
 0.00320486311923868   10    3    7    2
 -0.005985862567141719   10    3    7    3
 -0.005544686419237742   10    3    7    4
 -0.005863968909134089   10    3    7    5
 -0.00598749003633673   10    3    7    6
 -0.0004421264643725091   10    3    7    7
 -0.004300561469307134   10    3    8    1
 0.00114421133386866   10    3    8    2
 0.003775744254470581   10    3    8    3
 -0.004373471560484447   10    3    8    4
 0.005556010524238655   10    3    8    5
 -0.004927390078097136   10    3    8    6
 0.004996100260144628   10    3    8    7
 -0.002168232138185887   10    3    8    8
 -7.616414171616032e-05   10    3    9    1
 4.805423897410362e-05   10    3    9    2
 0.002154389218654815   10    3    9    3
 -0.001781345004587933   10    3    9    4
 -0.002929126243937497   10    3    9    5
 -0.001130062439089821   10    3    9    6
 -0.006764426915056513   10    3    9    7
 -0.001671836763834813   10    3    9    8
 -0.002098563260768677   10    3    9    9
 3.274948671876461e-05   10    3   10    1
 -5.443866335272147e-05   10    3   10    2
 0.01028459853234817   10    3   10    3
 -0.0215469212916514   10    4    1    1
 -0.0004641109363663803   10    4    2    1
 -0.02847088273102263   10    4    2    2
 -0.000931930922108646   10    4    3    1
 0.00157558837002184   10    4    3    2
 -0.019595039573139   10    4    3    3
 0.0002616991159204458   10    4    4    1
 -0.0006305090216031231   10    4    4    2
 -0.001939646677231109   10    4    4    3
 -0.02529180765447753   10    4    4    4
 -0.000595539246261101   10    4    5    1
 0.0007499869131052841   10    4    5    2
 -0.001096962869621358   10    4    5    3
 0.005050048232354516   10    4    5    4
 -0.02220457026725093   10    4    5    5
 0.0005878755055866267   10    4    6    1
 0.0009733298033170211   10    4    6    2
 0.002290772835556855   10    4    6    3
 0.001818942614694415   10    4    6    4
 -0.002907646080000101   10    4    6    5
 -0.02580259765714472   10    4    6    6
 -0.0001122825541979315   10    4    7    1
 -0.0001373674875103873   10    4    7    2
 0.0005164973883914549   10    4    7    3
 -0.0002019659500615462   10    4    7    4
 0.002586224210589903   10    4    7    5
 0.0003744918155222749   10    4    7    6
 -0.02032615537708473   10    4    7    7
 -4.461534718461427e-05   10    4    8    1
 -0.0005364956366332197   10    4    8    2
 -0.0009226511816025125   10    4    8    3
 -0.001213484708827958   10    4    8    4
 -0.001877786468642816   10    4    8    5
 -0.0002165603521891074   10    4    8    6
 -0.001128224087577735   10    4    8    7
 -0.0239079534182879   10    4    8    8
 3.87882983804922e-05   10    4    9    1
 -4.215314346404264e-05   10    4    9    2
 -0.002776759065202265   10    4    9    3
 -0.01534862814791825   10    4    9    4
 0.003722576870501163   10    4    9    5
 -0.001062009517751947   10    4    9    6
 -0.001255430125958308   10    4    9    7
 0.001240711851643478   10    4    9    8
 -0.01722294691881143   10    4    9    9
 3.722897484836242e-05   10    4   10    1
 -2.291657117445901e-05   10    4   10    2
 -1.591140964154344e-05   10    4   10    3
 0.01208274219003831   10    4   10    4
 0.06811727935916823   10    5    1    1
 0.001605800298371163   10    5    2    1
 0.06976784121321981   10    5    2    2
 0.003015853060281521   10    5    3    1
 -0.003398585126929406   10    5    3    2
 0.05637928148974919   10    5    3    3
 -0.000472636362451627   10    5    4    1
 0.000829079534369346   10    5    4    2
 0.0008342762799328368   10    5    4    3
 0.06210974018764259   10    5    4    4
 0.002150934685882998   10    5    5    1
 -0.0001326369218898536   10    5    5    2
 -0.0009834546225080856   10    5    5    3
 -0.001244845714357768   10    5    5    4
 0.06963468685587712   10    5    5    5
 -0.001965793921303539   10    5    6    1
 -0.0005668172898738242   10    5    6    2
 0.002328022616067833   10    5    6    3
 -0.002436755731038995   10    5    6    4
 -0.000467149649844002   10    5    6    5
 0.06406389729436665   10    5    6    6
 0.000595262647644832   10    5    7    1
 -0.001204029868472206   10    5    7    2
 -0.002478242222406351   10    5    7    3
 0.0009086977574520856   10    5    7    4
 -0.003317943084524355   10    5    7    5
 -0.001970800849081544   10    5    7    6
 0.06205399912302514   10    5    7    7
 0.0002793626715785278   10    5    8    1
 0.0007838525255819156   10    5    8    2
 0.0008184161231926063   10    5    8    3
 -0.0007351987386411558   10    5    8    4
 -0.002299673885111849   10    5    8    5
 0.0007032959161373583   10    5    8    6
 -0.001599037056757156   10    5    8    7
 0.06389465945561676   10    5    8    8
 4.932148149330477e-05   10    5    9    1
 0.0001864839163395028   10    5    9    2
 0.005148226890251822   10    5    9    3
 0.03671894750157474   10    5    9    4
 0.007569025189592589   10    5    9    5
 0.002672340630424163   10    5    9    6
 0.002123371727507729   10    5    9    7
 -0.01275337209489505   10    5    9    8
 0.04719619303007321   10    5    9    9
 0.0002759581110542261   10    5   10    1
 0.0003897377497726467   10    5   10    2
 -0.001164865586749778   10    5   10    3
 -0.01265816590499963   10    5   10    4
 0.04214242335164736   10    5   10    5
 -0.06743680703757131   10    6    1    1
 -0.002549004993906683   10    6    2    1
 0.06933859367452617   10    6    2    2
 -0.004614169370244842   10    6    3    1
 -0.005068133169581607   10    6    3    2
 -0.0002928892561420079   10    6    3    3
 0.0002435057106590553   10    6    4    1
 0.001203708986233715   10    6    4    2
 0.02496066179111227   10    6    4    3
 0.001801327354999457   10    6    4    4
 -0.002482534967447373   10    6    5    1
 -0.0001550490565258729   10    6    5    2
 0.02783641338968171   10    6    5    3
 -0.02813684537869759   10    6    5    4
 -0.001530355838150877   10    6    5    5
 0.002308934061523978   10    6    6    1
 -0.000824137378234487   10    6    6    2
 -0.02575139210735275   10    6    6    3
 -0.03278073129057453   10    6    6    4
 0.03147185182503522   10    6    6    5
 0.0005097253340073071   10    6    6    6
 -0.0002851252219216728   10    6    7    1
 -0.001902930522655421   10    6    7    2
 -0.0265964083386565   10    6    7    3
 -0.02540078491306457   10    6    7    4
 -0.02632674020769899   10    6    7    5
 -0.02991979768816689   10    6    7    6
 0.00524491622120717   10    6    7    7
 -0.001122432524087977   10    6    8    1
 0.001113888303138316   10    6    8    2
 0.02386626099188013   10    6    8    3
 -0.02518386232912161   10    6    8    4
 0.0272269881219238   10    6    8    5
 -0.03125112906892138   10    6    8    6
 0.02804480056015756   10    6    8    7
 -0.0008030261294820591   10    6    8    8
 -0.0002157120737658376   10    6    9    1
 0.0001678001292263123   10    6    9    2
 0.01093747989447114   10    6    9    3
 0.001384219783091711   10    6    9    4
 -0.0172372021629273   10    6    9    5
 -0.01509679019836075   10    6    9    6
 -0.02847238241556261   10    6    9    7
 -0.01298947854993634   10    6    9    8
 0.0006633532590651045   10    6    9    9
 -0.0004075188795412356   10    6   10    1
 3.683374392338124e-05   10    6   10    2
 0.007077364870409789   10    6   10    3
 -0.001968088365467169   10    6   10    4
 0.000623494069041819   10    6   10    5
 0.04515657842102654   10    6   10    6
 0.006960695025530212   10    7    1    1
 0.0006512898146783544   10    7    2    1
 -0.06256539224157867   10    7    2    2
 0.001010694872358455   10    7    3    1
 0.003609684732108437   10    7    3    2
 -0.02283252612811633   10    7    3    3
 -3.305952297973871e-05   10    7    4    1
 -0.00032853800297117   10    7    4    2
 -0.01324683910915332   10    7    4    3
 -0.02518379316330088   10    7    4    4
 0.001108851858226119   10    7    5    1
 -0.001431067602321598   10    7    5    2
 -0.01443918142647488   10    7    5    3
 0.01424453763939161   10    7    5    4
 -0.024397397135566   10    7    5    5
 -0.0008767807097092927   10    7    6    1
 -0.000961304088193649   10    7    6    2
 0.009946978555071422   10    7    6    3
 0.01327982177398115   10    7    6    4
 -0.01466311236574426   10    7    6    5
 -0.02733590444022107   10    7    6    6
 4.09736036284716e-05   10    7    7    1
 0.002910470066756991   10    7    7    2
 0.01510561372621966   10    7    7    3
 0.01289136430668942   10    7    7    4
 0.01807027705039576   10    7    7    5
 0.01429092009892454   10    7    7    6
 -0.02885165307043797   10    7    7    7
 -0.0001661519841545626   10    7    8    1
 -0.0004830333263486649   10    7    8    2
 -0.01235396175654607   10    7    8    3
 0.01171726497703249   10    7    8    4
 -0.01418966220918211   10    7    8    5
 0.01517193612080308   10    7    8    6
 -0.01668628488363445   10    7    8    7
 -0.02356620569367537   10    7    8    8
 0.0001442208413111131   10    7    9    1
 -0.0001909132410254486   10    7    9    2
 -0.008850921367080735   10    7    9    3
 -0.01528101732822985   10    7    9    4
 0.006772298350218793   10    7    9    5
 0.000457118082909441   10    7    9    6
 0.01654645702207609   10    7    9    7
 0.008866067658065514   10    7    9    8
 -0.01905711223528627   10    7    9    9
 -0.0001111297875176581   10    7   10    1
 -0.000343395898681482   10    7   10    2
 -0.00259198936239197   10    7   10    3
 0.005977689220986248   10    7   10    4
 -0.01416625375291295   10    7   10    5
 -0.01986550661061108   10    7   10    6
 0.02288765164738589   10    7   10    7
 -0.06882473971101209   10    8    1    1
 -0.001980637952951487   10    8    2    1
 -0.02005873640869982   10    8    2    2
 -0.00426104222758085   10    8    3    1
 0.0004313728415532781   10    8    3    2
 -0.03543215304128169   10    8    3    3
 -0.0002179970279644893   10    8    4    1
 -0.0003356605673004033   10    8    4    2
 0.00814414421386242   10    8    4    3
 -0.03965591834691395   10    8    4    4
 -0.0001445523477035013   10    8    5    1
 0.0005423263447988325   10    8    5    2
 0.01040426921764413   10    8    5    3
 -0.01025581548080419   10    8    5    4
 -0.04069184554669081   10    8    5    5
 -0.0001060460492420527   10    8    6    1
 0.000538621898601524   10    8    6    2
 -0.007589038250901114   10    8    6    3
 -0.01188752256017162   10    8    6    4
 0.01107637235108399   10    8    6    5
 -0.04261787268879247   10    8    6    6
 -0.0002452335547540615   10    8    7    1
 -0.0003273867780867258   10    8    7    2
 -0.009276148131666667   10    8    7    3
 -0.008777880290652209   10    8    7    4
 -0.009326780741911065   10    8    7    5
 -0.007225376467500767   10    8    7    6
 -0.03957276105167747   10    8    7    7
 -0.002709368748738563   10    8    8    1
 -0.000237813635092124   10    8    8    2
 0.009782099350223779   10    8    8    3
 -0.01123893173126783   10    8    8    4
 0.01431098350577919   10    8    8    5
 -0.009461881827415215   10    8    8    6
 0.009634464621340969   10    8    8    7
 -0.04610039594050037   10    8    8    8
 -0.0001129176079263841   10    8    9    1
 -9.280392562975524e-05   10    8    9    2
 0.0001394240502858746   10    8    9    3
 -0.02284285708654691   10    8    9    4
 -0.01239807315219646   10    8    9    5
 -0.009877923825369502   10    8    9    6
 -0.009737960560381837   10    8    9    7
 0.003437592455469917   10    8    9    8
 -0.0304361366372801   10    8    9    9
 0.0001214388233554782   10    8   10    1
 0.0002999167646311284   10    8   10    2
 0.003745551311155679   10    8   10    3
 0.007401846653904465   10    8   10    4
 -0.02257336615580096   10    8   10    5
 0.01320067987798917   10    8   10    6
 0.002131133995943697   10    8   10    7
 0.02660682589946368   10    8   10    8
 -0.0006171383178695029   10    9    1    1
 -1.647497013131497e-05   10    9    2    1
 -0.0004153485364619719   10    9    2    2
 -5.526850137867125e-05   10    9    3    1
 5.46236627455689e-05   10    9    3    2
 0.0005396680430131233   10    9    3    3
 4.636175950018786e-05   10    9    4    1
 3.999979053696337e-05   10    9    4    2
 -0.0008985697192281053   10    9    4    3
 -0.006705362624002904   10    9    4    4
 3.940609869752783e-05   10    9    5    1
 2.638278110659415e-05   10    9    5    2
 0.0004214022323992338   10    9    5    3
 0.008219983501437789   10    9    5    4
 0.002671227400424929   10    9    5    5
 -2.640881081981843e-05   10    9    6    1
 2.796899324049341e-05   10    9    6    2
 0.002106047160932466   10    9    6    3
 4.831907649632848e-05   10    9    6    4
 -0.003239633542120085   10    9    6    5
 -0.007037221800384908   10    9    6    6
 7.112793121480318e-05   10    9    7    1
 -8.982521869779471e-05   10    9    7    2
 -0.003425107062485685   10    9    7    3
 -0.003407804954806103   10    9    7    4
 0.002009169447536684   10    9    7    5
 -0.006120417493829122   10    9    7    6
 0.006898749110710897   10    9    7    7
 -4.031499925201304e-05   10    9    8    1
 -6.317401463691309e-05   10    9    8    2
 -0.0002453783055944451   10    9    8    3
 -0.004440942865325097   10    9    8    4
 -0.005196054967992387   10    9    8    5
 -0.004962181091256385   10    9    8    6
 -0.0001927006362216851   10    9    8    7
 0.0008139737983674713   10    9    8    8
 1.183105337564089e-05   10    9    9    1
 8.64004769783332e-06   10    9    9    2
 -8.58747869168363e-05   10    9    9    3
 -0.0008231038668260811   10    9    9    4
 0.001371154770973087   10    9    9    5
 -4.325742419453712e-05   10    9    9    6
 -0.0006539776389236508   10    9    9    7
 -0.0008874798050096999   10    9    9    8
 -0.0003758008558245241   10    9    9    9
 1.556639528730431e-06   10    9   10    1
 1.037586908082029e-05   10    9   10    2
 0.0002782183615314366   10    9   10    3
 0.001746166290576325   10    9   10    4
 1.011942460575513e-05   10    9   10    5
 0.0002748267429937623   10    9   10    6
 0.0001264058685006448   10    9   10    7
 -0.0003124391538948534   10    9   10    8
 0.01225982448078765   10    9   10    9
 0.378611067015922   10   10    1    1
 0.0009636591709343023   10   10    2    1
 0.3790193291953115   10   10    2    2
 -0.009664820620606434   10   10    3    1
 0.008096090875437714   10   10    3    2
 0.3617950930810233   10   10    3    3
 0.004581558557663405   10   10    4    1
 0.001951725307456433   10   10    4    2
 0.0002455549987396604   10   10    4    3
 0.3649663274135059   10   10    4    4
 0.004350021849675948   10   10    5    1
 0.007677898671996258   10   10    5    2
 -4.846874153776905e-05   10   10    5    3
 -0.004711256467690783   10   10    5    4
 0.3771558156620162   10   10    5    5
 -0.005450951372418912   10   10    6    1
 -0.007157097016589811   10   10    6    2
 0.002960248134602993   10   10    6    3
 -0.001215272944309352   10   10    6    4
 -0.001235988303740092   10   10    6    5
 0.3762843673465936   10   10    6    6
 -0.0077470593265531   10   10    7    1
 -0.002958630020900215   10   10    7    2
 -0.0002655285105761957   10   10    7    3
 0.00210934762161124   10   10    7    4
 -0.008299625801574867   10   10    7    5
 -0.007553078643988339   10   10    7    6
 0.3665004100372777   10   10    7    7
 0.00952289141023651   10   10    8    1
 0.0117721991406649   10   10    8    2
 0.001645880371273616   10   10    8    3
 0.003683053946881649   10   10    8    4
 -0.008999006263934729   10   10    8    5
 0.00247726611788081   10   10    8    6
 -0.0007468960027923678   10   10    8    7
 0.3729270677364671   10   10    8    8
 5.06418210530782e-05   10   10    9    1
 0.0003261189697731081   10   10    9    2
 0.0086995069716931   10   10    9    3
 0.05680538018724468   10   10    9    4
 0.01021544708568652   10   10    9    5
 0.008185893710311041   10   10    9    6
 0.001906706583607216   10   10    9    7
 -0.01709210307534435   10   10    9    8
 0.3319767727334425   10   10    9    9
 0.0002465781677819084   10   10   10    1
 0.0003669158013938539   10   10   10    2
 -0.002152856431676532   10   10   10    3
 -0.01790065607018415   10   10   10    4
 0.04955422638981947   10   10   10    5
 0.0008513909000853534   10   10   10    6
 -0.02003594616774141   10   10   10    7
 -0.03196321870522695   10   10   10    8
 -0.000371133864001338   10   10   10    9
 0.3557837943598253   10   10   10   10
 -4.507360501601308    1    1  0  0
 0.004255685898374171    2    1  0  0
 -4.504929873633279    2    2  0  0
 0.1057239545249744    3    1  0  0
 -0.09216665371145524    3    2  0  0
 -3.983216265279137    3    3  0  0
 -0.04596739358489265    4    1  0  0
 -0.01558993885884497    4    2  0  0
 0.00140596755639096    4    3  0  0
 -3.985600647608693    4    4  0  0
 -0.03616706706093607    5    1  0  0
 -0.07374359984561948    5    2  0  0
 -0.0111131999541697    5    3  0  0
 -0.0006511687172630548    5    4  0  0
 -3.974311072589624    5    5  0  0
 0.04883371408869434    6    1  0  0
 0.07285331697046338    6    2  0  0
 0.004706877231911758    6    3  0  0
 -0.003459096027906191    6    4  0  0
 0.01040641226978492    6    5  0  0
 -3.925580969086335    6    6  0  0
 0.0795866777707894    7    1  0  0
 0.01997987359715677    7    2  0  0
 -0.02265646010906325    7    3  0  0
 -0.0006084019264569952    7    4  0  0
 0.02412997658554019    7    5  0  0
 -0.008350717643638424    7    6  0  0
 -3.932771694478573    7    7  0  0
 -0.08953115616010376    8    1  0  0
 -0.1150332861917415    8    2  0  0
 -0.004059954798894599    8    3  0  0
 0.0003197775150950314    8    4  0  0
 0.01622925978910345    8    5  0  0
 0.02532871442296679    8    6  0  0
 0.003026524144554958    8    7  0  0
 -3.976359410148424    8    8  0  0
 -0.000929232101753568    9    1  0  0
 -0.004020426373009759    9    2  0  0
 -0.08954107639236288    9    3  0  0
 -0.5829268749146471    9    4  0  0
 -0.1058906966633693    9    5  0  0
 -0.0850188535855603    9    6  0  0
 -0.01965456948231106    9    7  0  0
 0.1744285585191992    9    8  0  0
 -2.729437669910187    9    9  0  0
 -0.003744165713680951   10    1  0  0
 -0.003246827771495459   10    2  0  0
 0.02174525042642679   10    3  0  0
 0.1765657271700797   10    4  0  0
 -0.4762423783455025   10    5  0  0
 -0.006538928368307119   10    6  0  0
 0.1929580167571904   10    7  0  0
 0.304508882815191   10    8  0  0
 0.003594732950735976   10    9  0  0
 -2.722629461202255   10   10  0  0
 -84.17436164893778  0  0  0  0
