 &FCI NORB=  10,NELEC=10,MS2=0,
  ORBSYM=1,1,1,1,1,1,1,1,1,1,
  ISYM=1,
 &END
 0.7088931419052515    1    1    1    1
 0.04288430014319766    2    1    1    1
 0.03116725295475244    2    1    2    1
 0.6544406781603735    2    2    1    1
 0.04357040606220287    2    2    2    1
 0.7160419619222348    2    2    2    2
 -0.02065489945348419    3    1    1    1
 -0.0002804881532734881    3    1    2    1
 -0.01771099343230401    3    1    2    2
 0.02161521420838285    3    1    3    1
 0.01246894366879219    3    2    1    1
 0.0003073775856616556    3    2    2    1
 0.01602986825260514    3    2    2    2
 -0.0009103065908913085    3    2    3    1
 0.02291637562166051    3    2    3    2
 0.613346566014574    3    3    1    1
 0.03714887160204808    3    3    2    1
 0.6132027748531257    3    3    2    2
 -0.0182870541145948    3    3    3    1
 0.01495132349405292    3    3    3    2
 0.6053387976079153    3    3    3    3
 0.02303403472115543    4    1    1    1
 0.0003388466504424893    4    1    2    1
 0.02461779437832046    4    1    2    2
 -0.0002312598357164994    4    1    3    1
 0.004919075498770983    4    1    3    2
 0.009969008284437208    4    1    3    3
 0.02435734783603135    4    1    4    1
 -0.002738947029488778    4    2    1    1
 -0.001227760347438893    4    2    2    1
 -0.006855283601393761    4    2    2    2
 0.003304641003473516    4    2    3    1
 0.001871040077414163    4    2    3    2
 -0.01186944389180094    4    2    3    3
 0.006687304782182675    4    2    4    1
 0.01984732056243864    4    2    4    2
 0.02360706180122716    4    3    1    1
 -0.003966826374179101    4    3    2    1
 0.02006046274388531    4    3    2    2
 0.004647706907907908    4    3    3    1
 0.003696566410618545    4    3    3    2
 0.02410119531573051    4    3    3    3
 0.001020243577338458    4    3    4    1
 0.002735590822867708    4    3    4    2
 0.02270237305243012    4    3    4    3
 0.6533531092322062    4    4    1    1
 0.02777717116866357    4    4    2    1
 0.6649556739773947    4    4    2    2
 -0.02088804843429075    4    4    3    1
 0.009361746043916683    4    4    3    2
 0.6026386389400101    4    4    3    3
 0.02256847005271181    4    4    4    1
 -0.00645939401341173    4    4    4    2
 0.02441672997350485    4    4    4    3
 0.6935821380443188    4    4    4    4
 -0.004118598425408325    5    1    1    1
 0.001404992352625833    5    1    2    1
 -0.001173312043771185    5    1    2    2
 -0.004156955857578417    5    1    3    1
 -0.0006892633434797056    5    1    3    2
 -0.006856190697551439    5    1    3    3
 0.002271376622124733    5    1    4    1
 -0.0008318055605374849    5    1    4    2
 -0.00610670866056979    5    1    4    3
 -0.00247352861818144    5    1    4    4
 0.01852151598051787    5    1    5    1
 -0.003831006504854981    5    2    1    1
 -0.0006193566266520773    5    2    2    1
 0.001284003307593611    5    2    2    2
 0.0007488980336197195    5    2    3    1
 0.005455883420520506    5    2    3    2
 0.008560971543807224    5    2    3    3
 -0.003347468213466649    5    2    4    1
 -0.002031180773951833    5    2    4    2
 0.003908320853083446    5    2    4    3
 -0.002517684109860651    5    2    4    4
 -0.002758642785309171    5    2    5    1
 0.02104060079668408    5    2    5    2
 0.02764700281717575    5    3    1    1
 0.001424491272849715    5    3    2    1
 0.008187934652660281    5    3    2    2
 0.000333272931137327    5    3    3    1
 -0.003131991152653899    5    3    3    2
 0.01649350992952533    5    3    3    3
 -0.0009006567452430277    5    3    4    1
 0.001233938795525376    5    3    4    2
 0.002810494436247656    5    3    4    3
 0.01596887948332361    5    3    4    4
 -0.002233420204200359    5    3    5    1
 -0.002681432803830707    5    3    5    2
 0.02132222233502618    5    3    5    3
 0.01422094718453411    5    4    1    1
 0.005451703405918697    5    4    2    1
 0.02367605305870261    5    4    2    2
 0.007497531258727153    5    4    3    1
 -0.004799841414533546    5    4    3    2
 0.0133647220154168    5    4    3    3
 0.000143430419757855    5    4    4    1
 0.001415009692524158    5    4    4    2
 0.00217713179272183    5    4    4    3
 0.01843319915794061    5    4    4    4
 -0.002958862994010248    5    4    5    1
 -0.002253594632924964    5    4    5    2
 0.001156225630089229    5    4    5    3
 0.02660104998207103    5    4    5    4
 0.6266931319768718    5    5    1    1
 0.04299511848900515    5    5    2    1
 0.6245609376124062    5    5    2    2
 -0.01520290639966468    5    5    3    1
 0.02019860311939855    5    5    3    2
 0.5752889709383262    5    5    3    3
 0.0250195790682388    5    5    4    1
 -0.0007131967623085192    5    5    4    2
 0.02229075140325064    5    5    4    3
 0.6055667742316847    5    5    4    4
 -0.004312002918148965    5    5    5    1
 0.002098416724764604    5    5    5    2
 0.01699436706198374    5    5    5    3
 0.01599318986038315    5    5    5    4
 0.6215061784278947    5    5    5    5
 -0.002826894876754732    6    1    1    1
 -0.0003638708345227966    6    1    2    1
 -0.002366171574716721    6    1    2    2
 0.0003342908886214319    6    1    3    1
 2.051922293587613e-05    6    1    3    2
 -0.002514152400757233    6    1    3    3
 0.0002405063413045181    6    1    4    1
 7.580714799373084e-05    6    1    4    2
 -6.629526651337485e-05    6    1    4    3
 -0.002442638448402063    6    1    4    4
 0.0003414320166777535    6    1    5    1
 -7.731285316910621e-05    6    1    5    2
 -0.000186083215732087    6    1    5    3
 -6.399408867741023e-05    6    1    5    4
 -0.002395466887802241    6    1    5    5
 0.0002973695978169873    6    1    6    1
 -0.004648521258120028    6    2    1    1
 -0.0004587532428031394    6    2    2    1
 -0.005377536927924435    6    2    2    2
 0.0002490848471968869    6    2    3    1
 0.000135604185197475    6    2    3    2
 -0.004332688504404907    6    2    3    3
 -0.0002066734198907845    6    2    4    1
 0.0003957128844781932    6    2    4    2
 -0.0001469363689865487    6    2    4    3
 -0.004901907975951491    6    2    4    4
 -9.758460327903166e-05    6    2    5    1
 0.0003206582588669576    6    2    5    2
 -5.67261645626393e-07    6    2    5    3
 -0.0002836988278218109    6    2    5    4
 -0.004270241269824849    6    2    5    5
 -2.297491671870912e-05    6    2    6    1
 0.0004505749496725528    6    2    6    2
 0.006615529235124261    6    3    1    1
 0.0005887145573671374    6    3    2    1
 0.006329470231234917    6    3    2    2
 -0.0003890562792893017    6    3    3    1
 0.0001904832062003541    6    3    3    2
 0.006433811836107624    6    3    3    3
 8.151073732749393e-05    6    3    4    1
 -0.0002938276475977348    6    3    4    2
 0.0006627488886807294    6    3    4    3
 0.006401822400027896    6    3    4    4
 -0.0001187072699661787    6    3    5    1
 0.0001451340250958292    6    3    5    2
 0.0006067083759844118    6    3    5    3
 0.0001013260084725797    6    3    5    4
 0.00599141216340865    6    3    5    5
 2.078594185821877e-05    6    3    6    1
 -0.0003707353232595601    6    3    6    2
 0.0007306568457954731    6    3    6    3
 0.006573906718196553    6    4    1    1
 0.0003188888312770032    6    4    2    1
 0.006427905255601964    6    4    2    2
 -0.0003038450000969386    6    4    3    1
 5.340685991291279e-05    6    4    3    2
 0.005823061841091401    6    4    3    3
 0.000142818987491337    6    4    4    1
 -0.0001895010870812178    6    4    4    2
 0.0005599642145546152    6    4    4    3
 0.00703766147177936    6    4    4    4
 -0.0001792356697236054    6    4    5    1
 -3.9280608547724e-05    6    4    5    2
 0.0003681307857869737    6    4    5    3
 0.0005437123013895669    6    4    5    4
 0.005698870190470529    6    4    5    5
 -0.0002356426680725899    6    4    6    1
 -0.0001643239033591793    6    4    6    2
 0.0002485587304983939    6    4    6    3
 0.0007379068056382518    6    4    6    4
 0.008653932215296449    6    5    1    1
 0.0008406257011091936    6    5    2    1
 0.008352146478334271    6    5    2    2
 -0.000479561257363188    6    5    3    1
 0.0004460118482121252    6    5    3    2
 0.007444289370333351    6    5    3    3
 0.000443147455285997    6    5    4    1
 -6.289964106683721e-05    6    5    4    2
 0.0004489419216555888    6    5    4    3
 0.008299624434066019    6    5    4    4
 -6.467350202721197e-05    6    5    5    1
 -0.0001252607910405362    6    5    5    2
 0.0006025336403972532    6    5    5    3
 0.0002508467648424827    6    5    5    4
 0.008314119487381715    6    5    5    5
 -0.0001588339899965012    6    5    6    1
 -0.0002454911148901261    6    5    6    2
 0.0004245596799079041    6    5    6    3
 0.000490045418980533    6    5    6    4
 0.0007072118059805618    6    5    6    5
 0.1820198058749595    6    6    1    1
 0.000417641095447273    6    6    2    1
 0.1830959366721262    6    6    2    2
 0.001480602967507406    6    6    3    1
 -0.002838380373103602    6    6    3    2
 0.1787940344052453    6    6    3    3
 -0.0002403812348504905    6    6    4    1
 -0.001121203472856522    6    6    4    2
 0.001249725976421274    6    6    4    3
 0.1826513875596012    6    6    4    4
 -0.00271232291250083    6    6    5    1
 1.741739493659095e-05    6    6    5    2
 0.004023320759988579    6    6    5    3
 0.007271290792451792    6    6    5    4
 0.1747271321080256    6    6    5    5
 -0.003801392810961526    6    6    6    1
 -0.006289305962238057    6    6    6    2
 0.00860875907169352    6    6    6    3
 0.009730877430968768    6    6    6    4
 0.008427149948780455    6    6    6    5
 0.6225768150838955    6    6    6    6
 0.006839419986315559    7    1    1    1
 -0.0001924314117007875    7    1    2    1
 0.005733847437789937    7    1    2    2
 -9.586315711263021e-05    7    1    3    1
 0.0005018312068700471    7    1    3    2
 0.005293228215248656    7    1    3    3
 0.0005378097923732424    7    1    4    1
 7.669906068467557e-05    7    1    4    2
 0.0009091032305660543    7    1    4    3
 0.006424200438961343    7    1    4    4
 -0.0005901180502247285    7    1    5    1
 -5.538530108672196e-07    7    1    5    2
 0.0005107984592516485    7    1    5    3
 -1.55600988829737e-05    7    1    5    4
 0.005768709873374887    7    1    5    5
 -0.0001583605546848343    7    1    6    1
 -0.0001490902996837734    7    1    6    2
 0.0003429872699928313    7    1    6    3
 0.0002888283455265799    7    1    6    4
 0.0004047633640022689    7    1    6    5
 0.005638834811014489    7    1    6    6
 0.0006860160236491312    7    1    7    1
 -0.01140687748541436    7    2    1    1
 -0.0005226482091484134    7    2    2    1
 -0.01183882162590348    7    2    2    2
 0.0009719128613865178    7    2    3    1
 -0.0002447297877900991    7    2    3    2
 -0.009844555291525657    7    2    3    3
 -0.0004172201538248693    7    2    4    1
 0.0002635154581050364    7    2    4    2
 -0.0004429983228106717    7    2    4    3
 -0.01189571100459182    7    2    4    4
 -0.0001486539739335495    7    2    5    1
 -2.887806620951505e-05    7    2    5    2
 -0.0005199798651793384    7    2    5    3
 -0.0001162365440031485    7    2    5    4
 -0.01008968168239435    7    2    5    5
 0.0002140352328351412    7    2    6    1
 0.0001738250093607176    7    2    6    2
 -0.0003568062916824073    7    2    6    3
 -0.0007098955354261685    7    2    6    4
 -0.0005470161362333306    7    2    6    5
 -0.0108312537685428    7    2    6    6
 -0.0005793508752119002    7    2    7    1
 0.001660440371097847    7    2    7    2
 0.006967224810241064    7    3    1    1
 0.0006344470425463686    7    3    2    1
 0.006231068368944807    7    3    2    2
 -0.0005257229714446459    7    3    3    1
 -0.0002499890201253714    7    3    3    2
 0.006078451634637909    7    3    3    3
 6.189274453051944e-05    7    3    4    1
 -8.626382375356647e-05    7    3    4    2
 0.0002237996517511301    7    3    4    3
 0.007010595932260067    7    3    4    4
 4.378267388754774e-05    7    3    5    1
 -0.0002930520452149045    7    3    5    2
 0.0003433418554018825    7    3    5    3
 6.039772903658459e-05    7    3    5    4
 0.005905966342017413    7    3    5    5
 -0.0001331506011346409    7    3    6    1
 -1.520826650519356e-05    7    3    6    2
 0.0001843320652449514    7    3    6    3
 0.0004956997629324872    7    3    6    4
 0.0003043087420969381    7    3    6    5
 0.004861090848234642    7    3    6    6
 0.0004170016029109899    7    3    7    1
 -0.001126835154603346    7    3    7    2
 0.001234379462723564    7    3    7    3
 0.004027094481534896    7    4    1    1
 -1.247380543313747e-07    7    4    2    1
 0.003715673017797319    7    4    2    2
 -0.0003149031676277701    7    4    3    1
 0.0003699514639884224    7    4    3    2
 0.003394223951252771    7    4    3    3
 0.000480566476113125    7    4    4    1
 -0.0002687314241117313    7    4    4    2
 0.0005609505064160638    7    4    4    3
 0.004192932246217679    7    4    4    4
 -0.0001031102912494882    7    4    5    1
 0.0001445555827895591    7    4    5    2
 0.0001086666398762925    7    4    5    3
 -0.0004811407261723047    7    4    5    4
 0.003628918311769674    7    4    5    5
 -7.233803147610257e-05    7    4    6    1
 -0.0001127171033231191    7    4    6    2
 0.0001668892267163127    7    4    6    3
 0.0001598955452661625    7    4    6    4
 0.0001694482935166108    7    4    6    5
 0.004321557579016011    7    4    6    6
 0.0001113179822723132    7    4    7    1
 -0.0003941159475791733    7    4    7    2
 0.000237375275697821    7    4    7    3
 0.0004360469781003819    7    4    7    4
 -0.0103853081953345    7    5    1    1
 -0.001011716784788885    7    5    2    1
 -0.01078492121740388    7    5    2    2
 0.0005051103076629871    7    5    3    1
 -0.001002017410507583    7    5    3    2
 -0.009715712130362281    7    5    3    3
 -0.0006513015006874834    7    5    4    1
 0.0002187052988824622    7    5    4    2
 -0.0008326907199263064    7    5    4    3
 -0.01011455613539108    7    5    4    4
 0.0003402670541063464    7    5    5    1
 -0.0007575888676033873    7    5    5    2
 6.52380690507114e-05    7    5    5    3
 3.921873470653709e-05    7    5    5    4
 -0.01071280389928913    7    5    5    5
 8.779232658360585e-05    7    5    6    1
 0.0002553067470460411    7    5    6    2
 -0.0004278331769853543    7    5    6    3
 -0.0002644438220634907    7    5    6    4
 -0.0004911847065868707    7    5    6    5
 -0.00730544041277185    7    5    6    6
 -0.0004388726130876871    7    5    7    1
 0.000465581421437174    7    5    7    2
 -0.0001947063415640451    7    5    7    3
 -6.03358001513024e-05    7    5    7    4
 0.0008088571335985517    7    5    7    5
 -0.006039309103045946    7    6    1    1
 8.103672499992807e-05    7    6    2    1
 -0.005321685072548508    7    6    2    2
 0.0001966032982389544    7    6    3    1
 0.000237956990056532    7    6    3    2
 -0.004942061642901758    7    6    3    3
 3.466529855481817e-05    7    6    4    1
 -0.0001695185046735283    7    6    4    2
 0.000165865458542791    7    6    4    3
 -0.005959547414933552    7    6    4    4
 2.759181680072091e-05    7    6    5    1
 0.0003109618346006607    7    6    5    2
 -0.000437986188935309    7    6    5    3
 -0.0002120132595242949    7    6    5    4
 -0.005174153562057098    7    6    5    5
 0.0006249907206848437    7    6    6    1
 -0.0003863648783289514    7    6    6    2
 0.0002319692548082709    7    6    6    3
 -0.0004179996343553495    7    6    6    4
 -0.0006598375824744574    7    6    6    5
 -0.02058441412122937    7    6    6    6
 -0.0001877240403584219    7    6    7    1
 0.0005127957369939319    7    6    7    2
 -0.0001417029041403206    7    6    7    3
 8.816757394168914e-05    7    6    7    4
 0.0007475603504020678    7    6    7    5
 0.02479855487546291    7    6    7    6
 0.1897123277800012    7    7    1    1
 0.0004489881565333999    7    7    2    1
 0.191195384191005    7    7    2    2
 0.001547521778811547    7    7    3    1
 -0.002964607686257396    7    7    3    2
 0.1863778204660561    7    7    3    3
 -0.0002582513276747742    7    7    4    1
 -0.001333130239050696    7    7    4    2
 0.001510502465250461    7    7    4    3
 0.1903441875284885    7    7    4    4
 -0.003041378063671334    7    7    5    1
 0.0002743827680440121    7    7    5    2
 0.00411764359882465    7    7    5    3
 0.007626641012396362    7    7    5    4
 0.1818714396455363    7    7    5    5
 -0.003667728088886127    7    7    6    1
 -0.00600311180038666    7    7    6    2
 0.008119630764449401    7    7    6    3
 0.009260501754985023    7    7    6    4
 0.008157456911843467    7    7    6    5
 0.6001905196256726    7    7    6    6
 0.006509986616186156    7    7    7    1
 -0.0123867373505833    7    7    7    2
 0.005695016355892436    7    7    7    3
 0.004679127518455798    7    7    7    4
 -0.008444163624501401    7    7    7    5
 -0.02207381815690092    7    7    7    6
 0.6646318859512578    7    7    7    7
 0.003044190325499409    8    1    1    1
 8.03349186744734e-05    8    1    2    1
 0.002349843306247726    8    1    2    2
 0.0002177526471387545    8    1    3    1
 0.0001694635261410557    8    1    3    2
 0.002156326766021851    8    1    3    3
 -0.0001360785508542549    8    1    4    1
 1.936699641215963e-05    8    1    4    2
 0.0004750096831383511    8    1    4    3
 0.002805754902828664    8    1    4    4
 -0.0002366564833758756    8    1    5    1
 -8.12695321441687e-06    8    1    5    2
 0.000455504545604692    8    1    5    3
 1.450851573835248e-05    8    1    5    4
 0.002525859687314222    8    1    5    5
 -0.0001153631040589684    8    1    6    1
 -4.793807689747614e-05    8    1    6    2
 0.0001905388349033995    8    1    6    3
 0.0002205178159498849    8    1    6    4
 0.0002429099675693731    8    1    6    5
 0.003499869098489937    8    1    6    6
 0.0003291907976130234    8    1    7    1
 -0.000452951691795032    8    1    7    2
 0.0004259400897603523    8    1    7    3
 7.743841371092796e-05    8    1    7    4
 -0.0002002049217381664    8    1    7    5
 -0.0002988963967481819    8    1    7    6
 0.003369900034313777    8    1    7    7
 0.0005089478720290295    8    1    8    1
 -0.0003571456634546857    8    2    1    1
 0.0002093870821271793    8    2    2    1
 -0.0002403916614872499    8    2    2    2
 0.0001174619531278569    8    2    3    1
 0.000365035332818078    8    2    3    2
 3.741485117639358e-05    8    2    3    3
 -7.991020584121864e-05    8    2    4    1
 -0.0002682438456867907    8    2    4    2
 -0.0001158141971674838    8    2    4    3
 -0.0006415927286624582    8    2    4    4
 2.200066562620212e-05    8    2    5    1
 4.95639374606084e-05    8    2    5    2
 -6.367769657520872e-05    8    2    5    3
 -0.0001445199307454136    8    2    5    4
 -0.0001000895408278597    8    2    5    5
 3.499249606880698e-05    8    2    6    1
 3.467071780239922e-06    8    2    6    2
 8.82451845987645e-06    8    2    6    3
 -6.81657830873844e-05    8    2    6    4
 -2.643372354323605e-05    8    2    6    5
 -0.0006890611416357616    8    2    6    6
 -0.0001234514079794279    8    2    7    1
 0.000297966257553752    8    2    7    2
 -0.0002442803813477566    8    2    7    3
 -5.194570547806565e-05    8    2    7    4
 1.13667539526325e-05    8    2    7    5
 0.0002502156168294327    8    2    7    6
 -0.0006017979569156646    8    2    7    7
 -0.0001590762390109759    8    2    8    1
 0.0003392308355345961    8    2    8    2
 0.009865204948723075    8    3    1    1
 0.001154639910868533    8    3    2    1
 0.009054661173000658    8    3    2    2
 -0.001125699954345195    8    3    3    1
 0.0005429909654773823    8    3    3    2
 0.009173285091518836    8    3    3    3
 0.0003018792327296468    8    3    4    1
 -0.0003649203396367446    8    3    4    2
 0.0002743868347355768    8    3    4    3
 0.009537563843540623    8    3    4    4
 0.0001327450919501061    8    3    5    1
 -2.211378894314262e-05    8    3    5    2
 0.0003782432272802777    8    3    5    3
 -0.0002464733308924694    8    3    5    4
 0.008917877190818702    8    3    5    5
 -0.0001668703998748778    8    3    6    1
 -0.000176219220699273    8    3    6    2
 0.0004852331695762678    8    3    6    3
 0.0006294338658030712    8    3    6    4
 0.0005985739320175791    8    3    6    5
 0.008016209910203057    8    3    6    6
 0.0006643185662095141    8    3    7    1
 -0.001325479267485338    8    3    7    2
 0.001200321374864217    8    3    7    3
 0.0003666277506695768    8    3    7    4
 -0.0004992532217275342    8    3    7    5
 -0.000485674467384061    8    3    7    6
 0.008091328654207922    8    3    7    7
 0.0006152866918416233    8    3    8    1
 -0.0003245948931994163    8    3    8    2
 0.001917478338364863    8    3    8    3
 -0.005237234770003367    8    4    1    1
 -0.0007646061343202104    8    4    2    1
 -0.006619119192846774    8    4    2    2
 0.0004597283952598796    8    4    3    1
 -0.0002773110981665589    8    4    3    2
 -0.005498966189211247    8    4    3    3
 -0.00014525032483455    8    4    4    1
 0.0005136013292751985    8    4    4    2
 6.032605460443258e-05    8    4    4    3
 -0.006292312232878692    8    4    4    4
 -0.0002267184638870728    8    4    5    1
 -0.0001036636413302589    8    4    5    2
 0.0002021663522325451    8    4    5    3
 -0.0003223283019773904    8    4    5    4
 -0.005319317002325587    8    4    5    5
 3.2059311253106e-05    8    4    6    1
 0.0003284444128047364    8    4    6    2
 -0.0003662890028767252    8    4    6    3
 -0.0001150456342043749    8    4    6    4
 -0.0003494433536684047    8    4    6    5
 -0.006551969510604998    8    4    6    6
 -0.0003449757586558774    8    4    7    1
 1.629694633554306e-05    8    4    7    2
 0.0003153416235471373    8    4    7    3
 3.854375271934465e-05    8    4    7    4
 0.000527586086464633    8    4    7    5
 -0.000153521114479482    8    4    7    6
 -0.006629700511003239    8    4    7    7
 -0.000101501827042054    8    4    8    1
 1.309193310985997e-05    8    4    8    2
 -0.0001470264295373447    8    4    8    3
 0.001306072115385337    8    4    8    4
 -0.00356324857842671    8    5    1    1
 -0.0004265694495476749    8    5    2    1
 -0.004201020508291628    8    5    2    2
 3.306212021367524e-05    8    5    3    1
 -0.000350603498787543    8    5    3    2
 -0.003811200260153912    8    5    3    3
 -0.0003528006400652629    8    5    4    1
 8.128852926899117e-05    8    5    4    2
 -0.0004929073117410866    8    5    4    3
 -0.003553225706644055    8    5    4    4
 0.0003297604963639175    8    5    5    1
 -0.0003485193253249818    8    5    5    2
 0.0004691647367278216    8    5    5    3
 -0.000458742786782511    8    5    5    4
 -0.003984463686358733    8    5    5    5
 1.347789611337728e-05    8    5    6    1
 0.0001717016686998334    8    5    6    2
 -0.0001389085203672539    8    5    6    3
 -0.0001106601985846948    8    5    6    4
 -0.0001491434279217003    8    5    6    5
 -0.002934820962899152    8    5    6    6
 -0.0001564578475376435    8    5    7    1
 8.61793048926806e-05    8    5    7    2
 5.558746678890932e-06    8    5    7    3
 5.613101550646874e-05    8    5    7    4
 0.0003573335545859723    8    5    7    5
 9.37688052987491e-05    8    5    7    6
 -0.003203552827443608    8    5    7    7
 -3.558519913175806e-05    8    5    8    1
 -2.917716916431556e-05    8    5    8    2
 -0.0001151567652505426    8    5    8    3
 0.0004038157940379899    8    5    8    4
 0.0004768239644236115    8    5    8    5
 -0.001072343137922228    8    6    1    1
 9.990972081016697e-05    8    6    2    1
 -0.00020578411195488    8    6    2    2
 0.0001574415620755077    8    6    3    1
 0.0001442549311726976    8    6    3    2
 -0.0001420966222639778    8    6    3    3
 0.0001058001922210111    8    6    4    1
 -0.0002161889828848359    8    6    4    2
 0.0001553014023951586    8    6    4    3
 -0.000857810625561351    8    6    4    4
 -1.117354934466932e-05    8    6    5    1
 0.0002647862796350411    8    6    5    2
 -0.0003746992002219991    8    6    5    3
 4.398759759349735e-05    8    6    5    4
 -0.0005930252656119846    8    6    5    5
 0.0003301710162466637    8    6    6    1
 -0.0001677478030842836    8    6    6    2
 0.0005045237897751601    8    6    6    3
 -0.0005788605768228945    8    6    6    4
 -0.0001938220777688678    8    6    6    5
 -0.005855443194291409    8    6    6    6
 -0.0001842390256495045    8    6    7    1
 0.0003902266999583453    8    6    7    2
 -0.0004596915684499248    8    6    7    3
 -0.0001026408830058643    8    6    7    4
 -0.0001157584323761646    8    6    7    5
 0.002193758543363189    8    6    7    6
 -0.002496044685004516    8    6    7    7
 -0.0002720884195795291    8    6    8    1
 -0.0002011058454081116    8    6    8    2
 -0.0001211962599712815    8    6    8    3
 7.251694787266703e-05    8    6    8    4
 0.0004141226943353616    8    6    8    5
 0.02108701399196016    8    6    8    6
 0.003613323694725775    8    7    1    1
 3.062690531417161e-05    8    7    2    1
 0.003980726220445424    8    7    2    2
 0.0005321479515915015    8    7    3    1
 -0.0003042288516335083    8    7    3    2
 0.003961411862062035    8    7    3    3
 -6.677354440113342e-05    8    7    4    1
 8.976051567028501e-06    8    7    4    2
 0.0001423011049356843    8    7    4    3
 0.00349675001745195    8    7    4    4
 -0.0002414212558124587    8    7    5    1
 8.779837710221964e-05    8    7    5    2
 -0.0001056988854329777    8    7    5    3
 0.0005621048313838236    8    7    5    4
 0.003625954870395774    8    7    5    5
 0.0003713240418393943    8    7    6    1
 0.0002075303359938685    8    7    6    2
 -0.0005426454393481173    8    7    6    3
 -0.0008612520444915891    8    7    6    4
 -0.0004386253662583759    8    7    6    5
 -0.01534012157625788    8    7    6    6
 -0.0001472072106031567    8    7    7    1
 0.0007108426957754332    8    7    7    2
 9.994462619227466e-06    8    7    7    3
 -0.0007041297334992651    8    7    7    4
 0.0001382140760273062    8    7    7    5
 -0.001716891404728586    8    7    7    6
 -0.01169623959807303    8    7    7    7
 6.102144539038935e-06    8    7    8    1
 -0.0003207579313687887    8    7    8    2
 -0.000745540630609495    8    7    8    3
 0.0004904807301946596    8    7    8    4
 -0.0002154951664057138    8    7    8    5
 -0.003153655438829505    8    7    8    6
 0.02324544709807075    8    7    8    7
 0.1875971371815042    8    8    1    1
 0.0004588411592303133    8    8    2    1
 0.1881386874597353    8    8    2    2
 0.001573180690712913    8    8    3    1
 -0.002935682293792489    8    8    3    2
 0.1840558522014396    8    8    3    3
 -0.0003295115124219864    8    8    4    1
 -0.0009755297509907841    8    8    4    2
 0.001230353166756536    8    8    4    3
 0.1880529950731424    8    8    4    4
 -0.002829355335753012    8    8    5    1
 7.239845482689705e-05    8    8    5    2
 0.004319490045208082    8    8    5    3
 0.007370682873883857    8    8    5    4
 0.1796704649548231    8    8    5    5
 -0.003415876864918402    8    8    6    1
 -0.005808436165025664    8    8    6    2
 0.007547560335860153    8    8    6    3
 0.008701747045952246    8    8    6    4
 0.007400230666858712    8    8    6    5
 0.5711952131761145    8    8    6    6
 0.005203765161443858    8    8    7    1
 -0.01056774341041411    8    8    7    2
 0.004843813966080072    8    8    7    3
 0.004305121709859658    8    8    7    4
 -0.006955593955191676    8    8    7    5
 -0.01374363997216148    8    8    7    6
 0.5906068967222666    8    8    7    7
 0.003912219195923508    8    8    8    1
 -0.0008773065240342509    8    8    8    2
 0.008501473674466759    8    8    8    3
 -0.006724542449326753    8    8    8    4
 -0.003386630952125067    8    8    8    5
 -0.007507948264018422    8    8    8    6
 -0.01087542078476829    8    8    8    7
 0.6015407829274066    8    8    8    8
 -0.01224735262381557    9    1    1    1
 -0.001312121791031149    9    1    2    1
 -0.01216022018014018    9    1    2    2
 0.000705778658577075    9    1    3    1
 -0.0006262627183330878    9    1    3    2
 -0.01136449071515332    9    1    3    3
 -0.0003878105140447021    9    1    4    1
 0.0005958429828771642    9    1    4    2
 -0.0008250581247184428    9    1    4    3
 -0.0114361875908588    9    1    4    4
 -0.0001819723878352771    9    1    5    1
 -0.0003844073610657347    9    1    5    2
 -0.0001848419656807264    9    1    5    3
 -0.0002246048548196909    9    1    5    4
 -0.01125495215237505    9    1    5    5
 -4.714905848539678e-06    9    1    6    1
 0.0004932471928559092    9    1    6    2
 -0.000687991853402075    9    1    6    3
 -0.0002144686388067465    9    1    6    4
 -0.0005387681662548658    9    1    6    5
 -0.01046917223941791    9    1    6    6
 -0.0005869291108867966    9    1    7    1
 0.0002499528257553352    9    1    7    2
 0.0001856021832494319    9    1    7    3
 -0.0001055702777032117    9    1    7    4
 0.0007267203332639908    9    1    7    5
 -1.74347081018889e-05    9    1    7    6
 -0.01130357682374804    9    1    7    7
 -0.0001195036673978988    9    1    8    1
 3.994131007646813e-06    9    1    8    2
 -0.000390773550410726    9    1    8    3
 0.001120933687912241    9    1    8    4
 0.0004177091883053664    9    1    8    5
 4.159366957986317e-05    9    1    8    6
 0.0002838301082351887    9    1    8    7
 -0.01057290827215436    9    1    8    8
 0.001903296377797764    9    1    9    1
 0.002584389250043602    9    2    1    1
 -0.0004637733144045779    9    2    2    1
 0.003850783228051358    9    2    2    2
 -4.606396653753397e-05    9    2    3    1
 0.0003342896318713124    9    2    3    2
 0.002710959537522589    9    2    3    3
 0.0005541283499154685    9    2    4    1
 0.0001824010205533871    9    2    4    2
 0.0005476062197819452    9    2    4    3
 0.003290046135784511    9    2    4    4
 -0.0001781934141304745    9    2    5    1
 -0.0001479661358848585    9    2    5    2
 -0.0002407470525833541    9    2    5    3
 0.000224867203122186    9    2    5    4
 0.002801371092881387    9    2    5    5
 5.811695950741036e-05    9    2    6    1
 -0.0002682790939921526    9    2    6    2
 0.0001533420421546271    9    2    6    3
 -3.428100327965063e-05    9    2    6    4
 6.604552219644443e-05    9    2    6    5
 0.002296540204641664    9    2    6    6
 0.0001420913744046344    9    2    7    1
 0.0001487138696919721    9    2    7    2
 -0.0002250978709553402    9    2    7    3
 1.672517855801276e-05    9    2    7    4
 -0.0001275629430253869    9    2    7    5
 7.717413312983352e-05    9    2    7    6
 0.002911957194337809    9    2    7    7
 -5.636294010343452e-05    9    2    8    1
 4.481872215671296e-06    9    2    8    2
 -8.658469242897116e-05    9    2    8    3
 -0.0003977112979194473    9    2    8    4
 -0.0001699453132494919    9    2    8    5
 -0.0001591331070928694    9    2    8    6
 9.358764370026289e-05    9    2    8    7
 0.002442609812563723    9    2    8    8
 -0.0006211315609126343    9    2    9    1
 0.0005290839422182363    9    2    9    2
 0.002587849041437803    9    3    1    1
 -7.925781367742473e-05    9    3    2    1
 0.002826499155398343    9    3    2    2
 -0.0005559164144365529    9    3    3    1
 0.0002862325682173816    9    3    3    2
 0.002181237525837971    9    3    3    3
 0.0002202564292891011    9    3    4    1
 0.0001085906479538568    9    3    4    2
 0.0001852796738542018    9    3    4    3
 0.002851950370355051    9    3    4    4
 0.0001163654846800807    9    3    5    1
 -1.220562642411377e-05    9    3    5    2
 -0.0002110271888172031    9    3    5    3
 -7.754322709221431e-05    9    3    5    4
 0.002229027385916532    9    3    5    5
 -0.0001287686925184715    9    3    6    1
 5.489953695639047e-05    9    3    6    2
 -7.328586283792325e-05    9    3    6    3
 9.798382572197928e-05    9    3    6    4
 4.203190717733199e-05    9    3    6    5
 0.002215613771447728    9    3    6    6
 3.150319883271692e-05    9    3    7    1
 -0.0001646897362366688    9    3    7    2
 0.000157524808515975    9    3    7    3
 5.551879785913881e-05    9    3    7    4
 -7.894283617636478e-05    9    3    7    5
 -8.47823914353672e-05    9    3    7    6
 0.00204992802425289    9    3    7    7
 -3.594376771389697e-06    9    3    8    1
 -2.428063756194503e-05    9    3    8    2
 5.966346617337037e-05    9    3    8    3
 0.0001142515754154055    9    3    8    4
 2.405458267639303e-05    9    3    8    5
 0.0001911478927163159    9    3    8    6
 -0.0001399302851404228    9    3    8    7
 0.002306808091488552    9    3    8    8
 0.0001537880159968269    9    3    9    1
 -0.0001647398664856356    9    3    9    2
 0.0003700780587949948    9    3    9    3
 0.005953084482459554    9    4    1    1
 0.0004428735357322599    9    4    2    1
 0.006592261300545857    9    4    2    2
 -0.0002614224613137813    9    4    3    1
 0.0003405254093533468    9    4    3    2
 0.006106824189451121    9    4    3    3
 -0.0001053873721554577    9    4    4    1
 -0.0003177088877607187    9    4    4    2
 0.0006184516835449416    9    4    4    3
 0.006609282878242619    9    4    4    4
 -0.0001043169870872908    9    4    5    1
 0.00027215181951301    9    4    5    2
 2.455682296726167e-05    9    4    5    3
 -0.0001036659895822103    9    4    5    4
 0.005657159980995763    9    4    5    5
 1.390051907124628e-05    9    4    6    1
 -0.0002310261537227504    9    4    6    2
 0.0002800681382679162    9    4    6    3
 -4.811836037501337e-05    9    4    6    4
 9.701579460177799e-05    9    4    6    5
 0.005346291189094121    9    4    6    6
 0.0001788139811861774    9    4    7    1
 1.574745642899054e-05    9    4    7    2
 -0.0002303868589622293    9    4    7    3
 4.892233960969206e-05    9    4    7    4
 -0.0003399116591131981    9    4    7    5
 -6.820508443752232e-07    9    4    7    6
 0.005723813925084201    9    4    7    7
 4.108432166944183e-05    9    4    8    1
 1.956828689721576e-05    9    4    8    2
 -7.981233604787475e-06    9    4    8    3
 -0.0006656881399576736    9    4    8    4
 -0.0002124105947864439    9    4    8    5
 0.0002244730903161663    9    4    8    6
 -0.0001702334342986266    9    4    8    7
 0.005489861683549329    9    4    8    8
 -0.000858407637550836    9    4    9    1
 0.0003417725259329362    9    4    9    2
 -3.94323328378215e-05    9    4    9    3
 0.0008478324714367772    9    4    9    4
 -0.01066624679057716    9    5    1    1
 -0.00102095281995663    9    5    2    1
 -0.01012098917110016    9    5    2    2
 0.0008764896918678671    9    5    3    1
 -0.0005405889203318164    9    5    3    2
 -0.008759828716993604    9    5    3    3
 -0.0006461853445758355    9    5    4    1
 3.251160849215407e-05    9    5    4    2
 -0.0001415474192521994    9    5    4    3
 -0.01003147195753164    9    5    4    4
 -0.0005707063847781606    9    5    5    1
 0.0002736597600294293    9    5    5    2
 -0.0004732940531802046    9    5    5    3
 0.0002209434528969685    9    5    5    4
 -0.009937902856854895    9    5    5    5
 0.0001194787071766922    9    5    6    1
 0.0001257041344230424    9    5    6    2
 -0.0002153601218462268    9    5    6    3
 -0.0003912873650441636    9    5    6    4
 -0.0004849411802177323    9    5    6    5
 -0.006033562110957823    9    5    6    6
 -0.0002372766531582192    9    5    7    1
 0.0006522664045518496    9    5    7    2
 -0.0004920122346400863    9    5    7    3
 -0.0002169108217056147    9    5    7    4
 0.0003490457235258427    9    5    7    5
 0.0003784018826327613    9    5    7    6
 -0.006386457431029328    9    5    7    7
 -0.0001883762239686732    9    5    8    1
 6.085622247227942e-05    9    5    8    2
 -0.0006159773330959318    9    5    8    3
 4.298970705905585e-05    9    5    8    4
 3.470736610883202e-05    9    5    8    5
 0.0001211562475582571    9    5    8    6
 0.0001601286038771499    9    5    8    7
 -0.006162045140503514    9    5    8    8
 0.000196607183353786    9    5    9    1
 -7.794238802280657e-06    9    5    9    2
 -7.859984501077402e-05    9    5    9    3
 5.29943609339176e-05    9    5    9    4
 0.0007403186743715935    9    5    9    5
 -0.004216807033718044    9    6    1    1
 -7.23061194460943e-05    9    6    2    1
 -0.004871684963083415    9    6    2    2
 -0.0004375328323997217    9    6    3    1
 0.0001546156715336076    9    6    3    2
 -0.004568860466942253    9    6    3    3
 -3.807042713804358e-05    9    6    4    1
 4.531763400964271e-05    9    6    4    2
 -0.0001791781600945683    9    6    4    3
 -0.004280668953987282    9    6    4    4
 0.0001620667579432957    9    6    5    1
 -0.0001366198499684204    9    6    5    2
 4.171793663114789e-05    9    6    5    3
 -0.0005233506792594567    9    6    5    4
 -0.004386726865934693    9    6    5    5
 -0.0006228059775358482    9    6    6    1
 0.0002231232214962422    9    6    6    2
 0.0002389409731323171    9    6    6    3
 0.0006418076033368989    9    6    6    4
 2.841348834527172e-06    9    6    6    5
 -0.0004512602312937421    9    6    6    6
 -2.184440839524098e-05    9    6    7    1
 -0.0002685608620123515    9    6    7    2
 0.0001267279222789075    9    6    7    3
 0.0003092575948477677    9    6    7    4
 7.559570117409574e-06    9    6    7    5
 0.0005256102209981575    9    6    7    6
 -0.0002236607749162988    9    6    7    7
 8.374118732813236e-05    9    6    8    1
 6.967731255229751e-05    9    6    8    2
 0.0005748766208913732    9    6    8    3
 -6.678238358116836e-05    9    6    8    4
 0.0001011602431365275    9    6    8    5
 0.001207798516775988    9    6    8    6
 -0.008588480511352678    9    6    8    7
 0.001823226228096668    9    6    8    8
 -5.877652477941722e-05    9    6    9    1
 -0.0003890854136191964    9    6    9    2
 0.0004203874295846787    9    6    9    3
 0.0002501923329214933    9    6    9    4
 0.000244897139112163    9    6    9    5
 0.02368559452399682    9    6    9    6
 0.000195546464100766    9    7    1    1
 0.0001781827442969234    9    7    2    1
 0.001157425755760976    9    7    2    2
 5.729868801277532e-05    9    7    3    1
 0.00011432105596594    9    7    3    2
 0.0009465746468237548    9    7    3    3
 5.890992359478562e-05    9    7    4    1
 -0.0002119446998506121    9    7    4    2
 0.0001622861732459019    9    7    4    3
 0.0006811765503270539    9    7    4    4
 3.71023832402057e-06    9    7    5    1
 0.0002727072278869486    9    7    5    2
 -0.0002739478612963656    9    7    5    3
 0.0001219294415661895    9    7    5    4
 0.0007221128599736692    9    7    5    5
 0.0001279679716102518    9    7    6    1
 -0.0003661734791046442    9    7    6    2
 0.0004498705497409018    9    7    6    3
 -6.25137179798986e-05    9    7    6    4
 0.0001819435668739199    9    7    6    5
 0.009105674616498792    9    7    6    6
 -0.0002995426541180498    9    7    7    1
 3.478558473149415e-05    9    7    7    2
 -0.0002275291179452118    9    7    7    3
 0.0002017523205027124    9    7    7    4
 -0.0006415655820871769    9    7    7    5
 -0.001149228879907718    9    7    7    6
 0.01132864279508607    9    7    7    7
 0.0002493923077740627    9    7    8    1
 -0.0003586326611100663    9    7    8    2
 0.0004389747647916781    9    7    8    3
 -0.0005228232770507522    9    7    8    4
 -2.705518783821097e-05    9    7    8    5
 0.008774563542525092    9    7    8    6
 -0.0007029013458900414    9    7    8    7
 0.009929257749466911    9    7    8    8
 -0.0003376957703094707    9    7    9    1
 -0.0004660333749724929    9    7    9    2
 0.0002769372850113293    9    7    9    3
 0.0007478933050968092    9    7    9    4
 -0.0004471537095990205    9    7    9    5
 -0.001138380345886708    9    7    9    6
 0.02662577401268086    9    7    9    7
 0.0009222686901711682    9    8    1    1
 1.243386586632471e-05    9    8    2    1
 0.0007295405275776304    9    8    2    2
 -0.0002090378036402794    9    8    3    1
 5.782910444660825e-05    9    8    3    2
 0.0006716841229390114    9    8    3    3
 6.925704712712827e-05    9    8    4    1
 -5.015011967980436e-05    9    8    4    2
 5.750949003545648e-05    9    8    4    3
 0.0008799823403755856    9    8    4    4
 1.121721509230598e-05    9    8    5    1
 -2.338832876459791e-05    9    8    5    2
 0.0001048500210450361    9    8    5    3
 -5.378660265232718e-05    9    8    5    4
 0.0007416868420372166    9    8    5    5
 -0.0001921896203455383    9    8    6    1
 -0.0001283509126588917    9    8    6    2
 0.0004032557327678418    9    8    6    3
 0.0003728559420308755    9    8    6    4
 0.0003608063419662094    9    8    6    5
 0.01186491209688762    9    8    6    6
 0.0004385554929999877    9    8    7    1
 -0.0006105680395849177    9    8    7    2
 0.0004161136187041602    9    8    7    3
 0.0001325841374476797    9    8    7    4
 -0.000301718465506085    9    8    7    5
 -0.0009252387943833872    9    8    7    6
 0.01583810883592366    9    8    7    7
 -1.653827950251498e-05    9    8    8    1
 3.99398584821738e-05    9    8    8    2
 0.0006188891268455143    9    8    8    3
 -6.481510101194923e-05    9    8    8    4
 -0.0002635875132603322    9    8    8    5
 -0.001791507097116207    9    8    8    6
 -0.001053893926466057    9    8    8    7
 0.01535170591334583    9    8    8    8
 -0.0004052259774572071    9    8    9    1
 0.0001042431604336953    9    8    9    2
 0.0003830774235709123    9    8    9    3
 -5.373728422414437e-05    9    8    9    4
 -0.0003410413199154058    9    8    9    5
 0.001681168538000804    9    8    9    6
 -0.002164243964862721    9    8    9    7
 0.01505616101978536    9    8    9    8
 0.1942603638986443    9    9    1    1
 0.0001987694631227774    9    9    2    1
 0.1938139113041354    9    9    2    2
 0.001285415715279466    9    9    3    1
 -0.003173255985065268    9    9    3    2
 0.1892596902614724    9    9    3    3
 -0.0004149704492706861    9    9    4    1
 -0.0009491840559554618    9    9    4    2
 0.001341950832731141    9    9    4    3
 0.1944569538516189    9    9    4    4
 -0.002868234981503734    9    9    5    1
 -0.0002244395482719688    9    9    5    2
 0.004925351476867615    9    9    5    3
 0.007605933756371842    9    9    5    4
 0.1851336386128165    9    9    5    5
 -0.004081237925312516    9    9    6    1
 -0.006584292338064239    9    9    6    2
 0.008575534567996621    9    9    6    3
 0.010120200619071    9    9    6    4
 0.008732962578356072    9    9    6    5
 0.6325150464656578    9    9    6    6
 0.006134279844332091    9    9    7    1
 -0.01255135451458498    9    9    7    2
 0.006133794379215535    9    9    7    3
 0.00493204591545037    9    9    7    4
 -0.00805636393464321    9    9    7    5
 -0.02169849414056215    9    9    7    6
 0.6512131987316202    9    9    7    7
 0.004599533671277829    9    9    8    1
 -0.001173333743213675    9    9    8    2
 0.009759572006265298    9    9    8    3
 -0.007114602461136667    9    9    8    4
 -0.003708692505566592    9    9    8    5
 -0.01123577453238344    9    9    8    6
 -0.007482488603588682    9    9    8    7
 0.6392394135661502    9    9    8    8
 -0.01259067591812636    9    9    9    1
 0.002825615954008216    9    9    9    2
 0.002666933335345012    9    9    9    3
 0.006250866349582024    9    9    9    4
 -0.007602043846294436    9    9    9    5
 -0.001294893029950612    9    9    9    6
 0.01094973914805526    9    9    9    7
 0.01736131257550681    9    9    9    8
 0.7445553122301527    9    9    9    9
 0.007461544961394196   10    1    1    1
 0.0002754095638687293   10    1    2    1
 0.007156902851778218   10    1    2    2
 -0.0002261254327369992   10    1    3    1
 0.0003466129882696811   10    1    3    2
 0.006672496310446545   10    1    3    3
 0.0001335216400250791   10    1    4    1
 -0.0002646481318760796   10    1    4    2
 0.000578142388087222   10    1    4    3
 0.007154102195742133   10    1    4    4
 -0.0001075151722712815   10    1    5    1
 0.0001628927907874063   10    1    5    2
 0.0002857376717148506   10    1    5    3
 0.0001438600355070285   10    1    5    4
 0.006613276038180623   10    1    5    5
 -2.306081219337202e-05   10    1    6    1
 -0.0002132382216088999   10    1    6    2
 0.0003708932387890817   10    1    6    3
 0.0001177555950731319   10    1    6    4
 0.0002720191829685952   10    1    6    5
 0.006811758643604776   10    1    6    6
 0.0002968036394458624   10    1    7    1
 -0.0002490051299066986   10    1    7    2
 2.270306939036492e-05   10    1    7    3
 8.55122927201469e-05   10    1    7    4
 -0.000405764180028904   10    1    7    5
 -0.0004238921675843975   10    1    7    6
 0.007787239338480475   10    1    7    7
 0.0001946159646196604   10    1    8    1
 -5.685188714080562e-05   10    1    8    2
 0.0001951103066695571   10    1    8    3
 -0.000471181819781948   10    1    8    4
 -0.0001249121221327409   10    1    8    5
 0.0002121956851409367   10    1    8    6
 -0.0001428515201934025   10    1    8    7
 0.006404646383111   10    1    8    8
 -0.0008001672024561814   10    1    9    1
 0.0002360227329446036   10    1    9    2
 -2.210099019289997e-05   10    1    9    3
 0.0004528290750949271   10    1    9    4
 -0.0001348263821263663   10    1    9    5
 -0.0001142678294290684   10    1    9    6
 0.0004383040914948823   10    1    9    7
 0.0003734602889196512   10    1    9    8
 0.007258783567738882   10    1    9    9
 0.0006328663269326403   10    1   10    1
 -0.007199234065537801   10    2    1    1
 -0.0001916397589141935   10    2    2    1
 -0.008176636332001086   10    2    2    2
 0.0006651773506747329   10    2    3    1
 -0.0004380698558981319   10    2    3    2
 -0.00618876812437754   10    2    3    3
 -0.0006591460683343677   10    2    4    1
 -0.0001144649960590835   10    2    4    2
 -0.0005875696693588999   10    2    4    3
 -0.007926930727222782   10    2    4    4
 -9.969370685907706e-05   10    2    5    1
 0.000174185140407485   10    2    5    2
 -7.005336884347165e-05   10    2    5    3
 -8.741726334694715e-05   10    2    5    4
 -0.006755323832515475   10    2    5    5
 6.863838620675477e-05   10    2    6    1
 0.000272468829444001   10    2    6    2
 -0.0003945433165561743   10    2    6    3
 -0.000399048587636449   10    2    6    4
 -0.0005059036694225962   10    2    6    5
 -0.006821369506918288   10    2    6    6
 -0.0004659922414325786   10    2    7    1
 0.0008676495689859577   10    2    7    2
 -0.0004877845756939384   10    2    7    3
 -0.0002253676635006871   10    2    7    4
 0.0004582675961722042   10    2    7    5
 0.000521865071878071   10    2    7    6
 -0.006870175506349284   10    2    7    7
 -0.0003343369656363666   10    2    8    1
 0.0001433653568454631   10    2    8    2
 -0.0008858005463181723   10    2    8    3
 0.0003544875728080292   10    2    8    4
 0.0001140284522741078   10    2    8    5
 2.417132811433626e-05   10    2    8    6
 0.0004923018832189309   10    2    8    7
 -0.00608447500569212   10    2    8    8
 0.0005107770123225346   10    2    9    1
 -0.0001224655233928497   10    2    9    2
 2.090265948700953e-05   10    2    9    3
 -0.0001717668875634804   10    2    9    4
 0.0004259881808748167   10    2    9    5
 -0.000150066833919318   10    2    9    6
 -0.0005081344994070016   10    2    9    7
 -0.000283006926448566   10    2    9    8
 -0.0072766823015963   10    2    9    9
 -0.0003197006748415038   10    2   10    1
 0.0009070139335232368   10    2   10    2
 0.001407359395671312   10    3    1    1
 0.0005175879146261744   10    3    2    1
 0.001795580623079068   10    3    2    2
 0.0002128349093520481   10    3    3    1
 -0.000205230587864851   10    3    3    2
 0.001937876178933676   10    3    3    3
 -0.0001488976357082178   10    3    4    1
 -0.0003513077221950096   10    3    4    2
 -5.254686754456283e-05   10    3    4    3
 0.00149005482711487   10    3    4    4
 -7.291506478822892e-05   10    3    5    1
 0.0001205590447875423   10    3    5    2
 -1.159678634533761e-05   10    3    5    3
 0.0003227380657948318   10    3    5    4
 0.001462164005489928   10    3    5    5
 5.118154637674147e-05   10    3    6    1
 -0.000117413610126519   10    3    6    2
 0.0001875712587261125   10    3    6    3
 -5.156194331482314e-05   10    3    6    4
 9.221729538178681e-05   10    3    6    5
 0.00108512591510554   10    3    6    6
 0.000113939373271105   10    3    7    1
 5.583982882422295e-05   10    3    7    2
 -0.0001252953176408632   10    3    7    3
 2.030084357424352e-05   10    3    7    4
 -0.0001497470075048711   10    3    7    5
 -0.0003022833640016698   10    3    7    6
 0.0008576723868376361   10    3    7    7
 5.253868856436561e-06   10    3    8    1
 -9.69714262394701e-05   10    3    8    2
 -1.259416603917006e-05   10    3    8    3
 -0.0003707609655652873   10    3    8    4
 -2.016617215623671e-05   10    3    8    5
 0.0001979730318046861   10    3    8    6
 -4.688459700324189e-05   10    3    8    7
 0.0006797079481880772   10    3    8    8
 -0.0004040182929319561   10    3    9    1
 0.0001547160225884632   10    3    9    2
 -0.0001246065571983562   10    3    9    3
 0.0002506939467220801   10    3    9    4
 3.662381124998956e-06   10    3    9    5
 -1.699158581932395e-05   10    3    9    6
 0.0004625850442640466   10    3    9    7
 -3.511315780303337e-05   10    3    9    8
 0.0009452480222616594   10    3    9    9
 0.0002424748727246596   10    3   10    1
 -0.0001874950378446186   10    3   10    2
 0.0004484193955173189   10    3   10    3
 -0.004473310531928221   10    4    1    1
 -0.0006093118973442305   10    4    2    1
 -0.005680931110357673   10    4    2    2
 0.0001877331097832596   10    4    3    1
 -0.0004303659245374249   10    4    3    2
 -0.004922384461583943   10    4    3    3
 -6.540063340828814e-05   10    4    4    1
 0.0002356834393879396   10    4    4    2
 -0.0004577579445009173   10    4    4    3
 -0.005221890512791883   10    4    4    4
 -8.60252835925487e-07   10    4    5    1
 -0.0002402937278255355   10    4    5    2
 0.0002697367515848355   10    4    5    3
 -0.0001760330101574867   10    4    5    4
 -0.004780271966869048   10    4    5    5
 -6.730136273572274e-06   10    4    6    1
 0.0003049744853273687   10    4    6    2
 -0.0003881284706845046   10    4    6    3
 6.768025024849577e-05   10    4    6    4
 -0.0002575854383700925   10    4    6    5
 -0.00543340792676688   10    4    6    6
 -0.0003116080487657233   10    4    7    1
 -0.0001477439729539278   10    4    7    2
 0.000394157562227701   10    4    7    3
 -9.379602120718812e-06   10    4    7    4
 0.0004813115086582052   10    4    7    5
 0.0001246406332719004   10    4    7    6
 -0.006159241024960403   10    4    7    7
 -2.883279887003144e-05   10    4    8    1
 2.431065414925928e-06   10    4    8    2
 -2.702528306217287e-05   10    4    8    3
 0.001050657298673715   10    4    8    4
 0.0002766017500811544   10    4    8    5
 -0.0002776972520673737   10    4    8    6
 0.0002439599513959108   10    4    8    7
 -0.004430922798727342   10    4    8    8
 0.001091969058927111   10    4    9    1
 -0.0004700526755152282   10    4    9    2
 0.0001654591463885151   10    4    9    3
 -0.0007091103235985035   10    4    9    4
 -2.42141518650215e-05   10    4    9    5
 5.457269391144537e-05   10    4    9    6
 -0.0004147270076989519   10    4    9    7
 -0.0002897114114306987   10    4    9    8
 -0.005033890861462264   10    4    9    9
 -0.0005745888772310102   10    4   10    1
 0.0002541586609521655   10    4   10    2
 -0.000370760164622085   10    4   10    3
 0.001271966210452467   10    4   10    4
 0.00172204329797868   10    5    1    1
 0.0001027758833914165   10    5    2    1
 0.001253073609472842   10    5    2    2
 -0.0003651307435067647   10    5    3    1
 0.0001124597984736493   10    5    3    2
 0.001042140054593666   10    5    3    3
 0.0001796944851631526   10    5    4    1
 6.336287540723153e-05   10    5    4    2
 -0.0001252443232237594   10    5    4    3
 0.001506847639277602   10    5    4    4
 0.0004486166972474682   10    5    5    1
 -0.0004131593970670491   10    5    5    2
 0.0001803482906986765   10    5    5    3
 -0.0004430555771515248   10    5    5    4
 0.001485878293112537   10    5    5    5
 -2.494002004596033e-05   10    5    6    1
 -1.164750892808083e-05   10    5    6    2
 -6.433504092854797e-06   10    5    6    3
 8.079512895644871e-05   10    5    6    4
 0.0001270789692382639   10    5    6    5
 -0.0003612932332261062   10    5    6    6
 1.572590156961852e-05   10    5    7    1
 -0.0001254653015659255   10    5    7    2
 0.0001028256194881417   10    5    7    3
 9.035215412130799e-05   10    5    7    4
 3.648785396072007e-05   10    5    7    5
 3.73419364013483e-05   10    5    7    6
 -0.0001618429157065562   10    5    7    7
 4.277748676984887e-05   10    5    8    1
 -6.899980051334571e-05   10    5    8    2
 0.0001796490475022746   10    5    8    3
 5.898076802229161e-05   10    5    8    4
 8.186481581127419e-05   10    5    8    5
 -0.0001102450062063633   10    5    8    6
 6.194746954237785e-05   10    5    8    7
 -8.929802965761653e-05   10    5    8    8
 5.657611217383378e-06   10    5    9    1
 -1.627507129282858e-06   10    5    9    2
 9.772717330585164e-06   10    5    9    3
 -7.880275826280664e-05   10    5    9    4
 -0.0001837299932500853   10    5    9    5
 -5.319444982703201e-05   10    5    9    6
 -0.0001431301956948647   10    5    9    7
 6.761359917924378e-05   10    5    9    8
 -4.658620746358447e-06   10    5    9    9
 -4.845021679115852e-05   10    5   10    1
 -9.775917193364482e-05   10    5   10    2
 1.201072387824621e-05   10    5   10    3
 0.0001719555732983679   10    5   10    4
 0.0002708231252406265   10    5   10    5
 0.005031436183989587   10    6    1    1
 5.877624608673786e-05   10    6    2    1
 0.005343939711668122   10    6    2    2
 0.0002432681345378363   10    6    3    1
 -0.0002209023738237884   10    6    3    2
 0.005125034982785375   10    6    3    3
 -3.40058875075317e-05   10    6    4    1
 -8.01199537489167e-05   10    6    4    2
 7.345722310021462e-05   10    6    4    3
 0.005067281412413405   10    6    4    4
 -0.0001422434551491221   10    6    5    1
 -6.902565678485561e-06   10    6    5    2
 0.0001091562129687323   10    6    5    3
 0.0004021430861473039   10    6    5    4
 0.004900227530852402   10    6    5    5
 0.0002262543613363855   10    6    6    1
 -0.0005367688753349508   10    6    6    2
 0.0002462871398155023   10    6    6    3
 -0.0001377055808794797   10    6    6    4
 0.0001914240951073159   10    6    6    5
 0.01551367746913321   10    6    6    6
 8.357721389887464e-05   10    6    7    1
 -0.0001242231443205834   10    6    7    2
 6.699047233090476e-05   10    6    7    3
 -9.683322607520215e-05   10    6    7    4
 -0.0001869322836366405   10    6    7    5
 -0.001770413995675516   10    6    7    6
 0.01279346414662569   10    6    7    7
 0.0001782030357070401   10    6    8    1
 -9.353830727031793e-05   10    6    8    2
 -6.876936782361645e-06   10    6    8    3
 -0.0001537638449992564   10    6    8    4
 -0.0001292499865608961   10    6    8    5
 -0.001056174987064261   10    6    8    6
 0.004850339081189401   10    6    8    7
 0.01447878016858292   10    6    8    8
 -0.0003446068195587272   10    6    9    1
 3.879556069308324e-05   10    6    9    2
 9.535295650227974e-05   10    6    9    3
 0.0002085601373377365   10    6    9    4
 -0.0002777828088511157   10    6    9    5
 -0.005461342272786277   10    6    9    6
 0.002250993174760427   10    6    9    7
 -0.0009069042439764896   10    6    9    8
 0.01995554653159344   10    6    9    9
 8.600094057038552e-05   10    6   10    1
 -0.0002006226052447055   10    6   10    2
 0.0003201582615844226   10    6   10    3
 0.0002501695480794038   10    6   10    4
 0.0002875717834212088   10    6   10    5
 0.01829106394521123   10    6   10    6
 0.001205674387118254   10    7    1    1
 3.544314503959102e-05   10    7    2    1
 0.002069451818594999   10    7    2    2
 0.0003078491509602951   10    7    3    1
 -1.709513301983117e-05   10    7    3    2
 0.001742031649472646   10    7    3    3
 3.408102837654568e-05   10    7    4    1
 -8.813761768604355e-05   10    7    4    2
 0.0001593109466427564   10    7    4    3
 0.001320253073909633   10    7    4    4
 -0.000128940825003781   10    7    5    1
 0.0002505087689851174   10    7    5    2
 -0.000233522841747072   10    7    5    3
 0.0002954226640898649   10    7    5    4
 0.001541423879385618   10    7    5    5
 0.0002814495062001017   10    7    6    1
 -1.838710260151347e-05   10    7    6    2
 -0.000168468579259026   10    7    6    3
 -0.0005657522743355222   10    7    6    4
 -0.0003901461217436043   10    7    6    5
 -0.01218779046235244   10    7    6    6
 -0.0002476186641035833   10    7    7    1
 0.0006335181262913597   10    7    7    2
 -0.0005890864655927139   10    7    7    3
 -0.0004311788692370489   10    7    7    4
 0.0002220896801423185   10    7    7    5
 0.002903361486119246   10    7    7    6
 -0.01524878967805536   10    7    7    7
 -0.0003010132955760952   10    7    8    1
 6.063449180119829e-05   10    7    8    2
 -0.0007088791853458641   10    7    8    3
 0.0001417018553058098   10    7    8    4
 0.0001711731432509071   10    7    8    5
 0.005169747888253113   10    7    8    6
 0.0002257978169163626   10    7    8    7
 -0.01244553145414272   10    7    8    8
 0.0003943364609101322   10    7    9    1
 -0.000162727871390212   10    7    9    2
 -2.252085030020302e-05   10    7    9    3
 3.584242785255866e-05   10    7    9    4
 0.0001692457487819553   10    7    9    5
 -0.002509715810448424   10    7    9    6
 0.006864586470905312   10    7    9    7
 -0.002593909320018008   10    7    9    8
 -0.01574395038323367   10    7    9    9
 6.269543624424306e-06   10    7   10    1
 3.371530052943377e-05   10    7   10    2
 0.0002338349285004072   10    7   10    3
 0.000249989457266662   10    7   10    4
 -0.0002973950572038414   10    7   10    5
 0.00131225704963161   10    7   10    6
 0.01856581994608667   10    7   10    7
 -0.0001407495041052671   10    8    1    1
 -0.0002195245828641209   10    8    2    1
 -0.001259099867320329   10    8    2    2
 -0.000194288185532744   10    8    3    1
 -0.0003480735292990526   10    8    3    2
 -0.001395984353851767   10    8    3    3
 -3.677030530692051e-05   10    8    4    1
 0.0004550463731587645   10    8    4    2
 -0.0004405957131427404   10    8    4    3
 -0.0002162984559344651   10    8    4    4
 0.0002296608502033207   10    8    5    1
 -0.0004721653430724542   10    8    5    2
 0.0003984626234074953   10    8    5    3
 -0.0002050744241321358   10    8    5    4
 -0.0008950551453501745   10    8    5    5
 -4.092901685498692e-05   10    8    6    1
 0.0008889234670752554   10    8    6    2
 -0.001031165798968871   10    8    6    3
 -0.0005082225704304043   10    8    6    4
 -0.0005701823795232332   10    8    6    5
 -0.03001686461650383   10    8    6    6
 -0.000760102811630891   10    8    7    1
 0.0007444751768332956   10    8    7    2
 -0.0003511739969579321   10    8    7    3
 -0.0002768137681993196   10    8    7    4
 0.0005280541369902395   10    8    7    5
 -0.008981751130652905   10    8    7    6
 -0.03205766741048399   10    8    7    7
 0.0001841287183576957   10    8    8    1
 -0.0004517234860609719   10    8    8    2
 -0.0002818397826523025   10    8    8    3
 0.000942961246664607   10    8    8    4
 0.0003714955511185136   10    8    8    5
 0.0004279052983984732   10    8    8    6
 6.775841618477263e-07   10    8    8    7
 -0.03168716812369118   10    8    8    8
 0.001498359396954555   10    8    9    1
 -0.0006286813906566909   10    8    9    2
 0.0001572093334689115   10    8    9    3
 -0.000640074620718617   10    8    9    4
 0.0002116952204068487   10    8    9    5
 0.003577567846316011   10    8    9    6
 0.003285190796928689   10    8    9    7
 2.430731380277615e-06   10    8    9    8
 -0.02947064154181719   10    8    9    9
 -0.0006004498193943529   10    8   10    1
 0.0003656520449612067   10    8   10    2
 0.0004152636513482401   10    8   10    3
 0.0007276757001767719   10    8   10    4
 -9.330463473543514e-05   10    8   10    5
 -0.001317973898975317   10    8   10    6
 -0.0002185335156981491   10    8   10    7
 0.02936787677908962   10    8   10    8
 -0.0009072793436376144   10    9    1    1
 9.460979271952729e-07   10    9    2    1
 -0.0003193909964743403   10    9    2    2
 0.0001174187105084495   10    9    3    1
 7.132327037988262e-05   10    9    3    2
 -0.0002074724976591337   10    9    3    3
 6.001356373528748e-05   10    9    4    1
 -0.0001643631364069254   10    9    4    2
 8.250466500728869e-05   10    9    4    3
 -0.0006662648746087906   10    9    4    4
 -6.240695497236757e-05   10    9    5    1
 0.0001964139967615382   10    9    5    2
 -0.00021952591714917   10    9    5    3
 0.0001257737188274545   10    9    5    4
 -0.0003858663784330196   10    9    5    5
 -0.0003100707724964393   10    9    6    1
 -0.0007478823319060822   10    9    6    2
 0.000884777160500615   10    9    6    3
 0.0007979784386770927   10    9    6    4
 0.0007362870193292395   10    9    6    5
 0.04011484090353359   10    9    6    6
 0.0002290763369625291   10    9    7    1
 -0.0002832977675507181   10    9    7    2
 -0.0001079355192527517   10    9    7    3
 0.0002164608369692891   10    9    7    4
 -0.0003689752951514259   10    9    7    5
 -0.001672279335467751   10    9    7    6
 0.01915890620203855   10    9    7    7
 0.000377238471257537   10    9    8    1
 4.007665956341351e-06   10    9    8    2
 0.0004393311029656412   10    9    8    3
 -0.0008135310584960991   10    9    8    4
 -0.0002043532476096694   10    9    8    5
 -0.002225484322659796   10    9    8    6
 -0.003257928050923276   10    9    8    7
 0.02690035397399316   10    9    8    8
 -0.000604430297748703   10    9    9    1
 -0.0002092865906595142   10    9    9    2
 0.0001929454317988971   10    9    9    3
 0.0003295244901320354   10    9    9    4
 -0.0002532109598493151   10    9    9    5
 -0.0005660924347708689   10    9    9    6
 0.0002624692878314294   10    9    9    7
 -0.00214429131802826   10    9    9    8
 0.03507189396874902   10    9    9    9
 -4.366604455881541e-05   10    9   10    1
 -0.0003960989425472053   10    9   10    2
 0.0002459170787516171   10    9   10    3
 -0.0002434226175397269   10    9   10    4
 -0.0003277876367537935   10    9   10    5
 0.003297416576288046   10    9   10    6
 0.001042922704216235   10    9   10    7
 -0.00166568450043192   10    9   10    8
 0.03098513851344458   10    9   10    9
 0.1896111109878549   10   10    1    1
 0.0002730699154690512   10   10    2    1
 0.1905815557799538   10   10    2    2
 0.001499262575620519   10   10    3    1
 -0.003167981812019429   10   10    3    2
 0.1857472423387751   10   10    3    3
 -0.0004472231595628255   10   10    4    1
 -0.001055031404348583   10   10    4    2
 0.001173084561768369   10   10    4    3
 0.1903546678333278   10   10    4    4
 -0.002883161313412408   10   10    5    1
 -8.56662469628596e-05   10   10    5    2
 0.004460831763677501   10   10    5    3
 0.00759516981901859   10   10    5    4
 0.1815253630029351   10   10    5    5
 -0.003977517392843768   10   10    6    1
 -0.006256534844642851   10   10    6    2
 0.008316227757902977   10   10    6    3
 0.01000754094513768   10   10    6    4
 0.008714336032610237   10   10    6    5
 0.6307067128752717   10   10    6    6
 0.006307389808512632   10   10    7    1
 -0.01225030664715037   10   10    7    2
 0.005641077624249173   10   10    7    3
 0.004638776401063012   10   10    7    4
 -0.008116808427963784   10   10    7    5
 -0.02620614403145646   10   10    7    6
 0.6519942643399176   10   10    7    7
 0.003515498713727563   10   10    8    1
 -0.0006960501333492364   10   10    8    2
 0.008420672142520232   10   10    8    3
 -0.006467461485888247   10   10    8    4
 -0.003265828130237603   10   10    8    5
 -0.007553006832684663   10   10    8    6
 -0.009938770768880403   10   10    8    7
 0.6019188470266564   10   10    8    8
 -0.01112541937134347   10   10    9    1
 0.002724452764422867   10   10    9    2
 0.002049169555649914   10   10    9    3
 0.005527515474268331   10   10    9    4
 -0.00663210060140517   10   10    9    5
 -0.005874352896757997   10   10    9    6
 0.007943112638993966   10   10    9    7
 0.01392012957473903   10   10    9    8
 0.6696842662311941   10   10    9    9
 0.008265679978599547   10   10   10    1
 -0.007815483360430425   10   10   10    2
 0.001101201597885093   10   10   10    3
 -0.006437457020114615   10   10   10    4
 -0.0002142397098173814   10   10   10    5
 0.01812734471726324   10   10   10    6
 -0.01577320559945877   10   10   10    7
 -0.03417870563355731   10   10   10    8
 0.03444443953201675   10   10   10    9
 0.711452041607452   10   10   10   10
 -3.848426624726466    1    1  0  0
 -0.1694160037339404    2    1  0  0
 -3.865001612415028    2    2  0  0
 0.07329482046154695    3    1  0  0
 -0.0464545289859775    3    2  0  0
 -3.619398817167232    3    3  0  0
 -0.08459030427530186    4    1  0  0
 0.02880238111318702    4    2  0  0
 -0.1126427025873975    4    3  0  0
 -3.826881509477233    4    4  0  0
 0.02837054975044545    5    1  0  0
 -0.003303810602207522    5    2  0  0
 -0.08771089492637102    5    3  0  0
 -0.1018533709977646    5    4  0  0
 -3.637563433978104    5    5  0  0
 0.03103985428151739    6    1  0  0
 0.0644949349100204    6    2  0  0
 -0.08436957846685289    6    3  0  0
 -0.09562281509960126    6    4  0  0
 -0.09678818067568914    6    5  0  0
 -3.639722264643369    6    6  0  0
 -0.0752773197317317    7    1  0  0
 0.1126712942415584    7    2  0  0
 -0.06418421120185142    7    3  0  0
 -0.01955963191403082    7    4  0  0
 0.1046063197776824    7    5  0  0
 0.1080432427206764    7    6  0  0
 -3.765777758900769    7    7  0  0
 -0.04856903174197161    8    1  0  0
 0.01282237322049522    8    2  0  0
 -0.09881335605819214    8    3  0  0
 0.08020191319045136    8    4  0  0
 0.04679751930972782    8    5  0  0
 0.03286367070041514    8    6  0  0
 0.02735666143797524    8    7  0  0
 -3.61284840623569    8    8  0  0
 0.1239611321755955    9    1  0  0
 -0.03686216184913221    9    2  0  0
 -0.002533202356353169    9    3  0  0
 -0.03674905101372894    9    4  0  0
 0.09606687503322894    9    5  0  0
 0.02308016018010508    9    6  0  0
 -0.05099946133045018    9    7  0  0
 -0.06694478325550329    9    8  0  0
 -3.934599415395689    9    9  0  0
 -0.06929412088822436   10    1  0  0
 0.0933737426910814   10    2  0  0
 -0.02719236651121205   10    3  0  0
 0.05407524865399353   10    4  0  0
 -0.01415556227012006   10    5  0  0
 -0.08793740471064254   10    6  0  0
 0.0596021502703099   10    7  0  0
 0.1377158908267596   10    8  0  0
 -0.1276735230259148   10    9  0  0
 -3.85578255041072   10   10  0  0
 -95.54974224310712  0  0  0  0
