7.855082170444414036e-01 -5.141025726448025801e-02 4.896865483744103353e-02 -5.135078685260868747e-02 -4.902171497904347225e-02 7.854008205164995093e-01 2.514122673631548732e+00 7.854204150650618832e-01
7.855161288441824263e-01 -5.140970383746724243e-02 4.895358581521601360e-02 -5.135321636369444276e-02 -4.901737308691372225e-02 7.854229009372211134e-01 2.514125118950840232e+00 7.854095582983547930e-01
7.855154556851742242e-01 -5.141451407332905954e-02 4.896373989495599044e-02 -5.135668666970139018e-02 -4.902156779809693082e-02 -7.853975271016898629e-01 2.514123664544289039e+00 7.853960329174539678e-01
7.855181083798967734e-01 -5.140623300481615005e-02 4.895175106985003022e-02 -5.134582055238452736e-02 -4.900773170895068170e-02 -7.853886921433257395e-01 2.514125548274716682e+00 7.853513723125742363e-01
7.855124454020329106e-01 -5.140031042132935102e-02 4.895205690470266074e-02 -5.134097408312073701e-02 -4.902562777845145131e-02 -7.854130738316273952e-01 2.514124938446397284e+00 7.854248365271454535e-01
-7.855188743082218705e-01 -5.141354403311928362e-02 -4.896190910537757263e-02 5.135229193903251971e-02 -4.902100265713430632e-02 7.853951620274126633e-01 2.514124653311180957e+00 7.854038652480035410e-01
7.855500379073027117e-01 -5.140626063774907106e-02 4.895749323157203015e-02 -5.136139432021857160e-02 -4.901991038014551216e-02 7.853949770325538982e-01 2.514121507903590125e+00 7.853903739619848556e-01
7.855085360867452016e-01 -5.141776770332339569e-02 4.896460499647974085e-02 -5.135845317641836438e-02 -4.902443355714706380e-02 -7.854036066322311882e-01 2.514120415804890651e+00 7.853951566860355449e-01
-7.855127038391821470e-01 -5.141060869801146460e-02 -4.896125429317693678e-02 5.135664160694478758e-02 -4.902165385454714669e-02 7.854035437005940645e-01 2.514126719965553036e+00 7.854076313187994263e-01
-7.855414453539923958e-01 -5.140264904538054819e-02 -4.895697358777095776e-02 5.135521524201466792e-02 -4.901860719415992301e-02 -7.854038112686902995e-01 2.514123193438649650e+00 7.854128052910607227e-01
