E_FCI,V_0,V_optimized,Sum_CommSq_0,Sum_CommSq_Optimized,a_opt,b_opt,c_opt
-1.891695315309176451e+00 7.226169134460815879e-01 3.453427368620879540e-02 2.694268377670386294e-01 5.517228063796416823e-03 1.000000000000000000e+00 9.998931453281397763e-01 -1.954755674201386073e+00
-1.891695315309176451e+00 7.208657340893565024e-01 4.158694230736935393e-02 2.079256052950340661e-01 1.439426205458504103e-03 1.000000000000000000e+00 9.999992934240108378e-01 -1.991587687129352080e+00
-1.891695315309176451e+00 4.752477970475258440e-01 3.453430535623285697e-02 3.951655683493383864e-02 5.517230409538352587e-03 1.000000000000000000e+00 9.995550959362069499e-01 -1.954418590528654409e+00
-1.891695315309176451e+00 7.982084415503295505e-01 3.453332708802802492e-02 3.342292471645750829e-01 5.517228333302266752e-03 1.000000000000000000e+00 1.000173568043257744e+00 -1.954992240515731616e+00
-1.891695315309176451e+00 9.586388738684641364e-01 3.453446711959626270e-02 3.530258951975749349e-01 5.517228087512092080e-03 1.000000000000000000e+00 1.000159811066986482e+00 -1.955057986247653590e+00
-1.891695315309178449e+00 4.890702057945776060e-01 1.909580383506708001e+00 1.957006830913627371e-01 3.807349264493559669e-03 1.000000000000000000e+00 -9.995249059255109092e-01 -4.748917230180488779e-04
-1.891695315309178449e+00 4.329799213655247114e-01 4.191347767681233294e-02 1.388984155165658985e-01 9.481497120097969952e-03 1.000000000000000000e+00 1.000110041158262852e+00 -1.651564995962575111e+00
-1.891695315309178449e+00 2.900513344301903773e-01 3.453487030896171955e-02 1.138513010132091996e-01 5.517248327650328514e-03 1.000000000000000000e+00 1.000766111551650628e+00 -1.955630776765836076e+00
-1.891695315309178449e+00 1.502544238859479853e+00 4.158746203029814459e-02 5.180063262512821787e-01 1.439426318961589506e-03 1.000000000000000000e+00 1.000106531073338578e+00 -1.991711451071778161e+00
-1.891695315309178449e+00 3.566523635525230551e-01 4.158698318759763979e-02 1.301451168706133088e-01 1.439426319215663611e-03 1.000000000000000000e+00 1.000026676805900960e+00 -1.991621208536326071e+00
-1.891695315309178449e+00 3.986394301085394165e-01 4.158657944702190412e-02 1.167929716702772458e-01 1.439426429649125032e-03 1.000000000000000000e+00 9.997296481731534623e-01 -1.991296678581765400e+00
-1.891695315309178449e+00 9.523426853533368819e-01 9.196622750088720433e-02 2.928558454559616053e-01 6.622582062966872289e-03 1.000000000000000000e+00 1.000013958088189048e+00 -1.902200003090986913e+00
-1.891695315309178449e+00 9.344400846787184189e-01 1.909557275546578170e+00 3.874905587733193935e-01 3.807349137536142000e-03 1.000000000000000000e+00 -1.000006639134815023e+00 1.847241646919257213e-04
-1.891695315309178449e+00 5.146977024748814467e-01 9.794847529003067321e-02 2.229106763973006389e-01 9.129315236829209715e-03 1.000000000000000000e+00 1.000081394148912617e+00 -1.920187410369482484e+00
-1.891695315309178449e+00 5.325380171361449033e-01 3.453409016602725090e-02 1.558383486436522858e-01 5.517228032390987351e-03 1.000000000000000000e+00 9.999454010226600520e-01 -1.954818876248401782e+00
-1.891695315309178449e+00 1.853347615168484452e+00 4.158831675386183424e-02 6.493104872685402373e-01 1.439427313663125055e-03 1.000000000000000000e+00 9.992400968547037188e-01 -1.990811039302597729e+00
-1.891695315309178449e+00 7.803444236202881079e-01 4.158752414766886396e-02 2.902444021826209863e-01 1.439426931721931755e-03 1.000000000000000000e+00 9.998647533224913619e-01 -1.991453818718907254e+00
-1.891695315309178449e+00 1.169809804798475739e+00 3.453336945724685275e-02 3.925216933555433219e-01 5.517229033928625764e-03 1.000000000000000000e+00 1.000174561376783622e+00 -1.955091900257728721e+00
-1.891695315309178449e+00 3.650001140613379769e-01 3.453462744135506191e-02 1.180001984220514638e-01 5.517229264070966713e-03 1.000000000000000000e+00 9.997380584148445326e-01 -1.954552645400168709e+00
-1.891695315309178449e+00 1.486476971446771156e+00 1.909547782531749061e+00 4.818398985809822510e-01 3.807346395478130360e-03 1.000000000000000000e+00 -1.000001474098856757e+00 -1.595713203191676823e-04
-1.891695315309178449e+00 1.085262223490560007e+00 1.909550412188982360e+00 3.878464568246517974e-01 3.807345789859091501e-03 1.000000000000000000e+00 -1.000139235718596975e+00 -5.835334691471761703e-05
-1.891695315309178449e+00 1.799690161705506108e+00 3.453415085173292681e-02 6.708954725512795703e-01 5.517228114066448016e-03 1.000000000000000000e+00 9.999935911554840295e-01 -1.954840998076816883e+00
-1.891695315309178449e+00 4.746092332741530528e-01 9.196429896648665447e-02 1.173047611206637503e-01 6.622583687862934609e-03 1.000000000000000000e+00 1.000274561837339204e+00 -1.902365144039616984e+00
-1.891695315309178449e+00 1.171576884273092034e+00 3.453397929698481805e-02 4.215118775725744671e-01 5.517228834076970574e-03 1.000000000000000000e+00 1.000013473269703024e+00 -1.954901314406872537e+00
-1.891695315309178449e+00 9.633599917484622077e-01 3.453418220520201865e-02 2.603348353593691322e-01 5.517228260015428348e-03 1.000000000000000000e+00 9.998269178417783509e-01 -1.954666676833896943e+00
-1.891695315309178449e+00 2.090295761896144022e-01 1.644330628623094093e-01 9.813849153078964271e-02 6.194093935668880391e-03 1.000000000000000000e+00 9.999693986354011299e-01 -1.959137452095682130e+00
-1.891695315309178449e+00 7.278928615947924952e-01 3.453416302738954169e-02 2.622111578680415556e-01 5.517228061798466407e-03 1.000000000000000000e+00 9.998848612474684483e-01 -1.954750994526310848e+00
-1.891695315309178449e+00 6.059615884736626601e-01 1.909546536144196116e+00 2.326489891018655443e-01 3.807347214419703335e-03 1.000000000000000000e+00 -1.000657988716435964e+00 3.681616353063556332e-04
-1.891695315309178449e+00 5.559964541630207924e-01 9.196604877906000564e-02 1.915642481111692330e-01 6.622582064124556481e-03 1.000000000000000000e+00 9.999937531234084354e-01 -1.902173673653425601e+00
-1.891695315309178449e+00 4.644457318601519225e-01 4.158699343080018984e-02 1.486256643951636980e-01 1.439426247032816672e-03 1.000000000000000000e+00 9.999278582800978921e-01 -1.991520067529516824e+00
