E_FCI,V_0,V_optimized,Sum_CommSq_0,Sum_CommSq_Optimized,a_opt,b_opt,c_opt
-1.891695315309177783e+00 1.141918837327539488e-01 4.018670205293478626e-02 1.821453852705091081e-01 2.293018887857552635e-03 1.000000000000000000e+00 1.000044504325529937e+00 -1.950018838092123508e+00
-1.891695315309177783e+00 1.138890343986471987e-01 4.018670210999790438e-02 1.816834104621464774e-01 2.293192889258066375e-03 1.000000000000000000e+00 1.000022790061504407e+00 -1.950007699691197249e+00
-1.891695315309177783e+00 1.142218291000215713e-01 4.018670196944787443e-02 1.828014871227888472e-01 2.292949718714133202e-03 1.000000000000000000e+00 9.999957390490893383e-01 -1.949975357699923029e+00
-1.891695315309177783e+00 1.141818912508690276e-01 4.018670215653700334e-02 1.823514415864351534e-01 2.293446040709323265e-03 1.000000000000000000e+00 9.999064222087897802e-01 -1.949896005299381674e+00
-1.891695315309177783e+00 1.141628424255471813e-01 4.018670226811185686e-02 1.822101589358792184e-01 2.293360143958438416e-03 1.000000000000000000e+00 1.000053347682356542e+00 -1.950036753097012410e+00
-1.891695315309177783e+00 1.139712278194267570e-01 4.018670197535657851e-02 1.816261014734617818e-01 2.293024426111203891e-03 1.000000000000000000e+00 1.000011403766133178e+00 -1.949994687536443116e+00
-1.891695315309177783e+00 1.139862440117994508e-01 4.018670217050540616e-02 1.818040257571146845e-01 2.293115538135679331e-03 1.000000000000000000e+00 9.999844212504221952e-01 -1.949955474565017166e+00
-1.891695315309177783e+00 1.139972573670034184e-01 4.018670204235408328e-02 1.821993559146392883e-01 2.292896009573912406e-03 1.000000000000000000e+00 9.999939865952549578e-01 -1.949960319827277466e+00
-1.891695315309177783e+00 1.139135859114003835e-01 4.018670198820004091e-02 1.821447183544262771e-01 2.292978347006370023e-03 1.000000000000000000e+00 1.000018936021987548e+00 -1.950010510946747821e+00
-1.891695315309177783e+00 1.139126900360030586e-01 4.018670208512390568e-02 1.824390465184904109e-01 2.293223257842006042e-03 1.000000000000000000e+00 1.000029284216003456e+00 -1.950006131157840494e+00
