7.800089875268119144e-01 1.428859223687381608e+00 -7.836221663096110124e-01 -1.813660798944609701e-02 3.042329563292593075e+00 6.852468540061222857e-01 2.524182958631975726e+00 7.853966240085120676e-01
9.456643098193276420e-02 -9.570997738328992921e-02 -7.810595419399682937e-01 -9.033656247792336558e-01 2.258698775996000219e+00 -1.471559108073687283e-01 2.498934447615716259e+00 7.853813802661743226e-01
-7.799205406795811646e-01 1.428848722572410024e+00 7.836308117289632058e-01 -1.673272343509433879e+00 -8.795302649357393809e-01 1.561193181696081123e-01 2.524177070686443258e+00 7.853174694921516430e-01
6.818950798182420447e-01 5.618877690755303966e-01 5.809846811528673882e-01 4.082071234838284268e-01 -7.162318609096496314e-01 7.853989727379395713e-01 4.712447595105725640e+00 -3.927105262188361756e+00
6.819127227675261249e-01 5.618094885843137876e-01 5.809479468429061821e-01 4.082224239440013780e-01 -7.161842870797766603e-01 7.853649414771446402e-01 4.712195218647156736e+00 2.356227132551128811e+00
6.818582756125606270e-01 5.618997974048605126e-01 5.809439805981208016e-01 4.082031587384829519e-01 -7.162750484166346965e-01 7.853568616725031815e-01 1.570626085830867824e+00 2.356090277087674156e+00
9.409843969634322514e-02 -9.622393472571751094e-02 -7.809850152477478824e-01 -9.019764058037131951e-03 -1.703440297388065794e+00 7.853517284815971777e-01 2.510909163039598990e+00 7.854100536715392655e-01
7.800634888920142673e-01 1.428836163474493492e+00 -7.836302871084614985e-01 -1.808813097482648083e-02 -9.927976571479336931e-02 8.855382018641959618e-01 2.524184205328940944e+00 7.854115835395993894e-01
2.364727734436192552e+00 -1.429958378493853877e+00 2.361097699522418214e+00 7.722636833902907227e-01 -1.710339071614483508e+00 2.355824717521869172e+00 3.757493351798989689e+00 -2.356457934062308635e+00
7.799025267796131367e-01 1.428843362070299827e+00 -7.836224889004634875e-01 1.471753099868267300e+00 6.812387866224364208e-01 -1.279213598395712026e-01 2.524186186408841071e+00 7.854988562109689321e-01
-2.362048613572333977e+00 1.712747097909326222e+00 -7.835995600723533183e-01 1.471387126332583506e+00 -6.812319191361060344e-01 1.279141244651148535e-01 2.524192722068030914e+00 7.852433606297829494e-01
1.570793461776709643e+00 -8.132759900151507191e-07 8.934468771941164178e-01 6.763778759657332884e-01 5.802869463261841427e-06 7.853986885354207192e-01 2.521641214806919162e+00 7.854130935065970487e-01
6.817875395627833734e-01 5.620805724261085379e-01 5.810840830314534244e-01 1.397993899233718640e+00 -2.579127905093511863e+00 -6.820174516761607908e-01 1.570916291738508219e+00 -7.848580045097310887e-01
6.808222446199652111e-01 5.606097390117859014e-01 5.812802503807253940e-01 3.548266503379726711e+00 -8.539443080877436865e-01 -2.534157746241210308e-05 -6.193257959883946562e-01 7.854099765265420974e-01
-8.888373802689690795e-01 2.480644734290154307e+00 -4.623914586657402737e-01 1.391396652591717409e+00 6.557951561207228108e-01 -1.669932176406732083e+00 2.524185759481946789e+00 7.853930053015373280e-01
9.451339059098953777e-02 -9.565859642123857032e-02 2.360512061725289268e+00 -7.138638917863562305e-01 2.462556764913159224e+00 1.690656536249526942e+00 2.498992648428873142e+00 7.853432391013408509e-01
9.452448496583917836e-02 -9.565119079496675614e-02 -7.810715857610809332e-01 7.814489997411427913e-01 -9.318657813458930406e-02 6.825432585044262090e-01 2.498965996447658267e+00 7.854089051129868881e-01
-8.888434153792981185e-01 -6.609434620389077475e-01 4.624022511289545556e-01 1.188280896942789377e-01 -7.851730134253195881e-02 -9.126105132094999295e-01 2.524182818581646170e+00 7.853826596955534312e-01
7.827639270468466082e-01 -7.205869400426387350e-02 7.025831303401186556e-02 -1.713124552478076490e+00 -7.861150264654392927e-01 -6.852292962413557564e-01 2.524183429908807508e+00 7.852761321373376013e-01
2.459719840029827242e+00 -5.619189407660782898e-01 5.809601243639406221e-01 -1.743594762669931297e+00 5.625503625546809383e-01 2.252996917139956867e+00 1.570941596913162153e+00 2.355696271541841913e+00
8.890956497129548497e-01 -6.605655210195232607e-01 -4.621073768715632246e-01 4.612834479213553385e-01 -6.600171107701027218e-01 6.821962724875770823e-01 1.571275540075769861e+00 -7.850806021727243511e-01
-2.365185610054511667e+00 -1.429972513122057309e+00 7.804882162811308532e-01 -7.713464462754294759e-01 -1.431227365699748066e+00 7.853079071052077031e-01 3.757490086417995645e+00 -2.356281604794809859e+00
-1.570796859195122686e+00 -1.032668938494867201e-06 -8.934443952312949300e-01 8.944186560337527014e-01 7.853963726800154976e-01 8.243491736196658628e-07 2.521648053189867067e+00 7.854163179567595909e-01
-7.797999402122679502e-01 1.428787945414135230e+00 7.836409820659544501e-01 -1.673140198000245826e+00 -8.795835313104594100e-01 -1.414673540243788663e+00 2.524176265422426457e+00 7.852742236216267990e-01
-7.799153729958415715e-01 -1.712771966072051510e+00 -7.836262690906223849e-01 1.471761138684791081e+00 6.812206441184486261e-01 -1.698725330062142991e+00 2.524182299933563467e+00 7.853801845349565047e-01
6.808146796781402443e-01 5.605754908104864098e-01 5.813126447149656872e-01 4.066438525417898631e-01 8.539343766626752430e-01 -8.263023779913333062e-06 2.522293153667797938e+00 7.853738231992458685e-01
8.891052189373344072e-01 -6.605815418834509734e-01 -4.621470529451443543e-01 -6.474069610042119116e-01 5.213782070386945300e-01 7.854077351610752045e-01 1.570334697816941683e+00 -7.855649276840308559e-01
6.818880277912819921e-01 5.618779175201213949e-01 5.809808410097797582e-01 4.082294619973869665e-01 -7.162470221965937522e-01 -7.854118055049167380e-01 4.712406155319048828e+00 -7.854090611659927390e-01
8.940355784642691761e-01 -6.625589730395914367e-01 -4.591369957307632199e-01 9.172895644940091131e-01 6.835260273427313518e-06 5.170983740737107315e-01 2.521641776092878207e+00 7.854162943973740374e-01
7.766455683263941978e-01 1.429984628698908189e+00 -7.805320762663670031e-01 7.715312184557162611e-01 -1.710353477457660754e+00 -7.852628684882874133e-01 2.525693804877286119e+00 7.853214780437505205e-01
