E_FCI,V_0,V_optimized,Sum_CommSq_0,Sum_CommSq_Optimized,a_opt,b_opt,c_opt
-1.871168059873312917e+00 1.255378311339107877e-01 1.662234473785412781e-01 2.195809088410728693e-01 1.123665067441580352e-03 1.000000000000000000e+00 1.000085832654806106e+00 -1.992063539853005771e+00
-1.871168059873312917e+00 1.252055134260258717e-01 1.662229239561831551e-01 2.190160372110316889e-01 1.123665055264615621e-03 1.000000000000000000e+00 9.999956071792556189e-01 -1.991964092631186123e+00
-1.871168059873312917e+00 1.255870466990378076e-01 1.662243147682038180e-01 2.202030236881235004e-01 1.123665068846811102e-03 1.000000000000000000e+00 1.000055577040712906e+00 -1.992049297153309251e+00
-1.871168059873312917e+00 1.255327268144325603e-01 1.662233150516258529e-01 2.197681334497386674e-01 1.123665042364447057e-03 1.000000000000000000e+00 1.000061018060355522e+00 -1.992036402006661211e+00
-1.871168059873312917e+00 1.255079078974528639e-01 1.662235935346806637e-01 2.196263732226455268e-01 1.123667047454879938e-03 1.000000000000000000e+00 9.996846973361837030e-01 -1.991666576346015516e+00
-1.871168059873312917e+00 1.252912508021224447e-01 1.662231494774118190e-01 2.189999823674932677e-01 1.123665156100479802e-03 1.000000000000000000e+00 9.998975007056319919e-01 -1.991870500548775791e+00
-1.871168059873312917e+00 1.253112748005763555e-01 1.662235581589541489e-01 2.191724503274156410e-01 1.123666022745978439e-03 1.000000000000000000e+00 9.997818948040303466e-01 -1.991762798968911286e+00
-1.871168059873312917e+00 1.253321904373715656e-01 1.662235324125574121e-01 2.195436836770624234e-01 1.123665849029864897e-03 1.000000000000000000e+00 9.997399739310905975e-01 -1.991720551605727696e+00
-1.871168059873312917e+00 1.252427757639485439e-01 1.662233210510472570e-01 2.194550041464953805e-01 1.123665442914791469e-03 1.000000000000000000e+00 1.000201758295103938e+00 -1.992176639033175434e+00
-1.871168059873312917e+00 1.252512141012755709e-01 1.662233786373341626e-01 2.197308721881470195e-01 1.123666011644301353e-03 1.000000000000000000e+00 9.997163369763309992e-01 -1.991694176319978693e+00
