7.488553270607164938e-06 6.268785469157804879e-01 -7.464004874322782788e-06 5.111572717911641583e-06 6.258770245053076886e-01 2.083659274454039648e-07 2.516348007179547874e+00 7.854546993892450590e-01
3.154096612678581810e-06 6.268812602322565430e-01 -3.157980169746986117e-06 -1.147328497407411351e-06 6.258746285906930940e-01 -2.313863815552747989e-06 2.516351497551051697e+00 7.853965263534531394e-01
6.910968284731542678e-06 6.268772216510223316e-01 6.897005003990858965e-06 -1.030571550340941198e-06 6.258778467481899144e-01 4.241839598960183475e-06 2.516352510701413969e+00 7.854149353573564030e-01
9.231319665717080836e-06 6.268720492420354340e-01 3.561844187013820003e-06 1.681599401383738080e-06 6.258865413370739983e-01 -7.506943336788978729e-06 2.516349612713264072e+00 7.854479428714976619e-01
5.935728417402299145e-05 6.268807269032898866e-01 2.038739283137533192e-05 6.870712671008475791e-05 6.258784364845848547e-01 2.850923287301140600e-05 2.516353141581145980e+00 7.852042375744673341e-01
-7.189144874406882716e-06 6.268827148293597551e-01 -1.280102264586418262e-05 -6.067488478292542160e-06 6.258728709133770662e-01 -1.275003774453368965e-05 2.516351989446238058e+00 7.853443962144942558e-01
1.507878668207865815e-06 6.268821196430562903e-01 -1.467413901931516573e-05 1.791581695515401880e-06 6.258741130782052853e-01 3.543360980636688562e-06 2.516353510831136564e+00 7.853330098708247720e-01
6.181414087504589997e-06 6.268836354507762998e-01 -3.750457658992424224e-05 -1.104182382153690603e-05 6.258709378985211069e-01 -1.945286920095094335e-05 2.516353393816111783e+00 7.853246082652871607e-01
-9.395859897925116480e-06 6.268810730680678400e-01 -6.534708523767551595e-06 6.896148824410426429e-06 6.258700492188020714e-01 1.601740396315772371e-05 2.516351991957304080e+00 7.854813769142706681e-01
4.470137067109721768e-06 6.268796962776878035e-01 1.621772091730937045e-05 1.462026497045798161e-05 6.258806054275622976e-01 1.006185424688507109e-05 2.516352667835036971e+00 7.852877192793839001e-01
