-7.073457875072761711e-06 6.775060294831005692e-01 6.280108414928991692e-07 -6.792017820705155981e-06 6.790029454976564960e-01 -6.405843282395780195e-06 2.524217085855526843e+00 7.854410778830928086e-01
-4.322186185231820276e-06 6.775142917497861683e-01 3.919066083540799394e-06 -1.517039138614718419e-06 6.790033417980592123e-01 -1.486737746492742118e-05 2.524214815270673373e+00 7.853959669822518919e-01
-1.017359357494596224e-05 6.775176763651269418e-01 -5.212430145987497095e-06 4.500632415205775756e-06 6.789997403296663681e-01 1.180089749743368731e-05 2.524220851758769868e+00 7.854259511456171960e-01
-1.447248578277632964e-06 6.775024351034972803e-01 2.940102266488668961e-06 8.789914133981245983e-07 6.790097196652840061e-01 8.972215307800805262e-07 2.524216511968019550e+00 7.854286714968440331e-01
2.610855863550283452e-05 6.775117955894377486e-01 -6.584875660927737035e-06 5.760523473190832361e-05 6.789946825218515780e-01 6.407705486494071892e-05 2.524217687832851276e+00 7.852404872089855381e-01
5.527464347352394893e-06 6.774979547210221442e-01 3.055977745305406727e-06 3.342457471253285051e-06 6.790108042898167495e-01 -1.687203673586079675e-07 2.524215791110059115e+00 7.853469111236481837e-01
-1.815972680254740985e-05 6.775116145818999014e-01 -8.957141134283893785e-06 2.577764497624898449e-05 6.789991137373461161e-01 4.715916811349225038e-05 2.524217552225823891e+00 7.852890989061297455e-01
-7.928415868532215092e-06 6.775179225039927866e-01 6.322904199364651646e-06 8.735878209321706203e-06 6.789915290152205296e-01 1.166939141133571548e-05 2.524217433825569845e+00 7.852681334581393946e-01
7.446103497317401918e-06 6.775131548700304984e-01 3.319144331044643820e-06 5.126231183328893869e-06 6.790042002114153874e-01 2.015961028024859918e-06 2.524216524350701540e+00 7.854990323690822507e-01
-4.526900631330541138e-06 6.775092287591532036e-01 -6.198297969525861089e-06 1.029793250007067882e-05 6.789976006014480925e-01 2.394009444800012526e-05 2.524216761615647897e+00 7.852563117675339655e-01
