7.928196410921308779e-01 1.400369203341681246e+00 -7.981244140516864372e-01 -2.105513906732359511e-02 3.021436137257616394e+00 6.638089159828977071e-01 2.515311256652794647e+00 7.853447332069363185e-01
7.723988821083873635e-01 1.403753827411263977e+00 -7.785731828779411945e-01 7.653902915732762047e-01 1.405956591319194926e+00 7.853939068260200607e-01 2.524124737539619634e+00 7.853978101093288533e-01
-7.934769736526064987e-01 1.400392515710781716e+00 7.981207953563953517e-01 -1.702589869946467882e+00 -8.977809841951600589e-01 1.936513224041905290e-01 2.515309626315143987e+00 7.851756618733065629e-01
6.776811910971826114e-01 5.627426597387064078e-01 5.774047401983329886e-01 -1.544604855436760849e+00 -2.116842329708617410e+00 2.948130720595209642e+00 3.767883167474211703e+00 -2.356107713701746764e+00
7.718913700908563991e-01 -8.855525351545888435e-02 8.377002489815685293e-02 5.719436209535200266e-01 -5.797124239880269148e-01 5.377048987270220959e-01 3.767863930638236880e+00 3.927070716136180639e+00
6.466301492670308848e-01 5.496318796466865830e-01 6.020260866447827430e-01 3.755705281798135675e-01 -7.574668513465899755e-01 7.854003021173852073e-01 1.570460447872284782e+00 2.356432093667120586e+00
-6.584408590534907013e-01 5.346084259512796644e-01 -5.974740945492772459e-01 7.807071510661811597e-01 -1.018383238251981293e+00 -1.545369364312924598e-01 2.433432809654997531e+00 7.854531809494267325e-01
7.948436486141736701e-01 1.400357695614825149e+00 -7.981425393016389203e-01 -1.904602522169081616e-02 -1.204180596134737657e-01 9.069904195115101597e-01 2.515316525834794703e+00 7.857810724790172952e-01
2.369197701352781404e+00 -1.403743029096717665e+00 2.363036452388130648e+00 7.654262396566969828e-01 -1.735646921285170841e+00 2.356168854548167158e+00 3.759056546436754243e+00 -2.356141227492792201e+00
7.724883737605814371e-01 1.403760043455523743e+00 -7.785619451012950609e-01 1.557709270196610651e+00 -1.162993261398255207e-01 -1.171014947054417471e-01 2.524126219661046111e+00 7.854115016224874068e-01
-2.369186174622142094e+00 1.737827827974167016e+00 -7.785752273268817802e-01 1.557608901937890922e+00 1.162739232730136962e-01 1.170922130426621521e-01 2.524119399942650332e+00 7.852629692098508363e-01
1.570796214070079522e+00 -3.454496086404165278e-06 9.545574944539835238e-01 6.231894238885766768e-01 2.785290039191656673e-06 7.853935956635749172e-01 2.502285622616501115e+00 7.854051423928359865e-01
6.465687939548414587e-01 5.495543098366411083e-01 6.019234028620511490e-01 1.344334573588055859e+00 -2.602004887702382696e+00 -6.415342030455449818e-01 1.570665707519736998e+00 -7.854014829538362719e-01
6.414991782907363271e-01 5.354836908239292148e-01 6.011086598001621484e-01 3.505703925168323298e+00 -8.151472088697959695e-01 -6.557330938266806150e-06 -6.348229006217424031e-01 7.854388588156977491e-01
-9.212282019049304882e-01 2.466777013754041015e+00 -4.411654512925718419e-01 1.354768343993411728e+00 6.480738279858920814e-01 -1.687116103346232521e+00 2.515314202937040999e+00 7.853708631635026860e-01
-7.725038830651039801e-01 4.545295712056860005e+00 5.504612547929206734e+00 3.907060454705782782e+00 4.877283614936002820e+00 7.854182777323038822e-01 -1.632543611328147293e+01 7.850180674250353263e-01
7.727613511598913076e-01 1.403722521980286686e+00 -7.785678734444636540e-01 1.557977055101426034e+00 -1.163121435351730099e-01 -1.171314365553884768e-01 2.524124761549360052e+00 7.853305354855718567e-01
-9.211286152500103297e-01 -6.747832182770607812e-01 4.411968208312778694e-01 1.455210040053175058e-01 -9.261680750056598688e-02 -9.194189383036232011e-01 2.515326111915911156e+00 7.854854364683648837e-01
7.718917392884324657e-01 -8.861580807700440710e-02 8.377322684972983435e-02 -1.741866583243851574e+00 -8.017326586955207945e-01 -6.638324318559155612e-01 2.515298754535605141e+00 7.852671754500243351e-01
2.495010416755108373e+00 -5.499492763954011432e-01 6.021931447382878888e-01 -1.797230242647690046e+00 5.393987983553478749e-01 2.212609757541248889e+00 1.570683492915859070e+00 2.356193753143459801e+00
9.207062140554915786e-01 -6.675268698200580442e-01 -4.370922092344841081e-01 4.504385554781558110e-01 -6.754217477298590788e-01 6.417946928038579246e-01 1.570837585969706129e+00 -7.854677764103253912e-01
-9.212147807987004500e-01 -6.748104616406817025e-01 4.411616690261905838e-01 -1.545970610714542337e+00 -9.138274454656606371e-01 1.520863687189767111e-01 3.767877172718793855e+00 -2.356197694624871275e+00
-1.570767113298241924e+00 -7.524333064955001467e-06 -9.545060348845030296e-01 9.475871132570329314e-01 7.854187222398819612e-01 1.795353531436079381e-05 2.502264799151362240e+00 7.855354254717921147e-01
-7.924921688277859477e-01 1.400390570016747160e+00 7.981164432169983725e-01 -1.701375356490399060e+00 -8.978117425748236569e-01 -1.377372478418324109e+00 2.515318066075297843e+00 7.854048999869177594e-01
-7.929044490334131723e-01 -1.741215290735089072e+00 -7.981423397119200569e-01 1.456306530116024955e+00 6.581819959729031666e-01 -1.722933029099362967e+00 2.515305360378955246e+00 7.853116148285470555e-01
-3.466470330110900670e-06 6.268791697681650454e-01 -4.836330003684310573e-06 2.248277782258968860e-05 6.258776396868945824e-01 2.306537067179036419e-05 2.516356122189940869e+00 7.853828624810356152e-01
7.928444449874018085e-01 1.400367103075122133e+00 -7.981144740738451704e-01 -2.103032954425133536e-02 -1.201467467210841633e-01 -6.638185869560805363e-01 2.515312086788898949e+00 7.853405907068222724e-01
6.466042889610956745e-01 5.499001688899368689e-01 6.022086518453227955e-01 3.757384558445833744e-01 -7.577508489623454579e-01 -7.853772929893073629e-01 4.712128736434539888e+00 -7.857270495421182499e-01
9.499520596919620585e-01 -6.804304966472203287e-01 -4.210155749831827054e-01 8.493247357139893650e-01 4.085493469624035452e-06 4.642964710709318599e-01 2.502283832260900898e+00 7.853950399493966339e-01
7.724272794981774659e-01 1.403749588163327289e+00 -7.785849559799941089e-01 7.654053907524968059e-01 -1.735636788933669461e+00 -7.853900804540427938e-01 2.524125570441476007e+00 7.853620912363591389e-01
