E_FCI,V_0,V_optimized,Sum_CommSq_0,Sum_CommSq_Optimized,a_opt,b_opt,c_opt
-1.891695315309174896e+00 1.141918837327540459e-01 1.644313671291393886e-01 1.821453852705091914e-01 6.194093944994451956e-03 1.000000000000000000e+00 1.000113078376712039e+00 -1.959244698392552442e+00
-1.891695315309174896e+00 1.138890343986472820e-01 1.644320935196545985e-01 1.816834104621465051e-01 6.194093770379418586e-03 1.000000000000000000e+00 9.999967259173694334e-01 -1.959145129358118576e+00
-1.891695315309174896e+00 1.142218291000216407e-01 1.644323072065222990e-01 1.828014871227889304e-01 6.194093819702700156e-03 1.000000000000000000e+00 1.000033544482425985e+00 -1.959185378785419651e+00
-1.891695315309174896e+00 1.141818912508691108e-01 1.644317123034258754e-01 1.823514415864352645e-01 6.194093951397048291e-03 1.000000000000000000e+00 1.000099563904419675e+00 -1.959238087723244481e+00
-1.891695315309174896e+00 1.141628424255472229e-01 1.644324550039245880e-01 1.822101589358792462e-01 6.194096275221890047e-03 1.000000000000000000e+00 9.996122235490445540e-01 -1.958775303307425109e+00
-1.891695315309174896e+00 1.139712278194268680e-01 1.644321955760386922e-01 1.816261014734618651e-01 6.194093979859108257e-03 1.000000000000000000e+00 9.998924714154973081e-01 -1.959045037740949402e+00
-1.891695315309174896e+00 1.139862440117995479e-01 1.644325153517851301e-01 1.818040257571147400e-01 6.194094005789158031e-03 1.000000000000000000e+00 9.998697014359795299e-01 -1.959029014467935426e+00
-1.891695315309174896e+00 1.139972573670035294e-01 1.644324874379093360e-01 1.821993559146393715e-01 6.194094470416454737e-03 1.000000000000000000e+00 9.998529005553314919e-01 -1.959012074793621494e+00
-1.891695315309174896e+00 1.139135859114004390e-01 1.644321916547951956e-01 1.821447183544263604e-01 6.194094140973510458e-03 1.000000000000000000e+00 1.000166440884160179e+00 -1.959313425752679860e+00
-1.891695315309174896e+00 1.139126900360031558e-01 1.644323502848273333e-01 1.824390465184904664e-01 6.194094387975251567e-03 1.000000000000000000e+00 9.997791361560857126e-01 -1.958936826721705105e+00
