E_FCI,V_0,V_optimized,Sum_CommSq_0,Sum_CommSq_Optimized,a_opt,b_opt,c_opt
-1.891695315309176451e+00 7.226169134460820320e-01 3.375395759735940610e-02 2.694268377670393511e-01 5.975980936801468524e-03 1.000000000000000000e+00 9.999974751511579996e-01 -1.918154096210935800e+00
-1.891695315309176451e+00 7.208657340893567245e-01 3.375395803828491054e-02 2.079256052950364531e-01 5.976281990539762147e-03 1.000000000000000000e+00 9.999978094843832155e-01 -1.918142645126853729e+00
-1.891695315309176451e+00 4.752477970475267322e-01 4.018670198481469336e-02 3.951655683493440763e-02 2.292992225281132064e-03 1.000000000000000000e+00 1.000043064808668225e+00 -1.950022552018296995e+00
-1.891695315309176451e+00 7.982084415503301056e-01 3.375395774595940646e-02 3.342292471645751384e-01 5.975933925662535451e-03 1.000000000000000000e+00 9.999960688071187764e-01 -1.918119294368820338e+00
-1.891695315309176451e+00 9.586388738684655797e-01 4.018670203877647978e-02 3.530258951975761561e-01 2.293420516656383048e-03 1.000000000000000000e+00 9.999833989229555131e-01 -1.949961660599772495e+00
-1.891695315309176451e+00 4.890702057945773840e-01 3.375395766751097121e-02 1.957006830913620155e-01 5.976170632666259926e-03 1.000000000000000000e+00 1.000003745790249754e+00 -1.918147246011314477e+00
-1.891695315309176451e+00 4.329799213655217138e-01 2.504911293028314057e-02 1.388984155165615686e-01 8.689478183371526776e-03 1.000000000000000000e+00 1.000001407233201745e+00 -1.436984466867501808e+00
-1.891695315309176451e+00 2.900513344301893781e-01 3.375395800390606355e-02 1.138513010132085196e-01 5.975652296904545788e-03 1.000000000000000000e+00 9.999977192396238834e-01 -1.918150937366257747e+00
-1.891695315309176451e+00 1.502544238859481629e+00 4.018670198079412476e-02 5.180063262512798472e-01 2.293095832121932326e-03 1.000000000000000000e+00 1.000008568900646377e+00 -1.949983513497941523e+00
-1.891695315309176451e+00 3.566523635525261637e-01 4.018690406816667615e-02 1.301451168706135586e-01 2.294440372271546510e-03 1.000000000000000000e+00 9.999762068001004645e-01 -1.949958332110362180e+00
-1.891695315309176451e+00 3.986394301085394165e-01 3.375395788359415034e-02 1.167929716702765519e-01 5.976002269070294914e-03 1.000000000000000000e+00 1.000014857933453571e+00 -1.918195127813136391e+00
-1.891695315309176451e+00 9.523426853533412118e-01 4.018670207628390750e-02 2.928558454559648250e-01 2.292822582486675562e-03 1.000000000000000000e+00 1.000012770147893804e+00 -1.949999873109221404e+00
-1.891695315309176451e+00 9.344400846787197512e-01 3.375395761371643294e-02 3.874905587733253887e-01 5.975912853050599667e-03 1.000000000000000000e+00 9.999915243190741210e-01 -1.918156471787480166e+00
-1.891695315309176451e+00 5.146977024748812246e-01 3.375395758674903934e-02 2.229106763973019989e-01 5.975985501222275988e-03 1.000000000000000000e+00 1.000004981943438009e+00 -1.918163964222167284e+00
-1.891695315309176451e+00 5.325380171361423498e-01 4.018670268624204706e-02 1.558383486436517584e-01 2.292857711533420866e-03 1.000000000000000000e+00 9.998234536241651371e-01 -1.949801225773513336e+00
-1.891695315309176451e+00 1.853347615168483342e+00 4.018670210486585681e-02 6.493104872685372397e-01 2.293013914775753840e-03 1.000000000000000000e+00 9.999932685886465666e-01 -1.949966077922762331e+00
-1.891695315309176451e+00 7.803444236202886630e-01 3.375395775962763967e-02 2.902444021826214859e-01 5.975951172805252926e-03 1.000000000000000000e+00 1.000006950067501066e+00 -1.918203995920837235e+00
-1.891695315309176451e+00 1.169809804798478847e+00 4.018670201818368842e-02 3.925216933555418231e-01 2.293124012967796659e-03 1.000000000000000000e+00 1.000009458749379077e+00 -1.949993350538910875e+00
-1.891695315309176451e+00 3.650001140613383099e-01 4.018670219686745759e-02 1.180001984220517136e-01 2.292660407995395465e-03 1.000000000000000000e+00 9.999895477860728521e-01 -1.949966715934180250e+00
-1.891695315309176451e+00 1.486476971446768935e+00 2.504911282401506289e-02 4.818398985809758672e-01 8.689367881524922427e-03 1.000000000000000000e+00 9.999995763673575899e-01 -1.437061051796956868e+00
-1.891695315309176451e+00 1.085262223490561118e+00 2.504911289411868025e-02 3.878464568246465793e-01 8.689412234903656079e-03 1.000000000000000000e+00 9.999994859575608297e-01 -1.437008345619650296e+00
-1.891695315309176451e+00 1.799690161705504332e+00 4.018670198056032566e-02 6.708954725512783490e-01 2.293020239569121266e-03 1.000000000000000000e+00 1.000029978873758330e+00 -1.950009586441048048e+00
-1.891695315309176451e+00 4.746092332741540520e-01 3.375395765546314319e-02 1.173047611206672614e-01 5.975987039303003005e-03 1.000000000000000000e+00 1.000015294317981862e+00 -1.918187772836825067e+00
-1.891695315309176451e+00 1.171576884273094699e+00 3.375395759629577774e-02 4.215118775725815725e-01 5.975998423288681610e-03 1.000000000000000000e+00 9.999944373179575630e-01 -1.918153700943317386e+00
-1.891695315309176451e+00 9.633599917484680919e-01 3.375395763397652515e-02 2.603348353593680775e-01 5.976108395850826017e-03 1.000000000000000000e+00 9.999964034123962620e-01 -1.918149916799309462e+00
-1.891695315309176451e+00 2.090295761896143190e-01 4.018670202402391950e-02 9.813849153078947618e-02 2.292856704972240107e-03 1.000000000000000000e+00 1.000034384720283276e+00 -1.950009289812370428e+00
-1.891695315309176451e+00 7.278928615947932723e-01 4.018670359637715322e-02 2.622111578680427768e-01 2.293261090219183684e-03 1.000000000000000000e+00 1.000015312568188541e+00 -1.949972033776728342e+00
-1.891695315309176451e+00 6.059615884736617719e-01 3.375395787682693161e-02 2.326489891018647949e-01 5.976117066874552311e-03 1.000000000000000000e+00 9.999979474860800632e-01 -1.918165407349879725e+00
-1.891695315309176451e+00 5.559964541630190160e-01 3.375395759189601941e-02 1.915642481111678452e-01 5.976009518424803962e-03 1.000000000000000000e+00 9.999925223489577464e-01 -1.918154550712257045e+00
-1.891695315309176451e+00 4.644457318601548090e-01 4.018670359154590671e-02 1.486256643951634482e-01 2.292447078873675794e-03 1.000000000000000000e+00 9.999280335938703912e-01 -1.949918472194019925e+00
