7.966807198131602430e-01 1.462569206545408340e+00 -8.160090445912046020e-01 -2.198649340694567092e-02 3.065013367587161142e+00 7.082691466449635431e-01 2.506283817947243975e+00 7.853969009714335536e-01
7.966708141614549099e-01 1.462607684103424566e+00 -8.160369814420503909e-01 -2.198847462677495229e-02 -7.657898021510568809e-02 -2.279096636593084924e+00 2.506280886642202610e+00 7.853970681384403463e-01
-7.616115513305502516e-01 1.470569948927338721e+00 7.829965132447307408e-01 -1.546893586910604412e+00 -6.910391660364713362e-02 6.927117761455332812e-02 2.514123920877398000e+00 7.854196953381447077e-01
7.582839222552152370e-01 -5.788471098130305165e-02 5.243922767685466058e-02 5.970439943479795009e-01 -5.463173782866953543e-01 5.477759433081316187e-01 3.776909819516266253e+00 -2.356196455792649136e+00
7.855210918241554152e-01 -5.140495556577153596e-02 4.895204611509258036e-02 -5.134783819525974569e-02 -4.901168473334404502e-02 -7.853972588476523242e-01 3.769062048608796456e+00 3.926982516379819987e+00
7.348839451344165719e-01 5.933414103646018622e-01 5.454710379741890547e-01 -1.562068309416903000e+00 -2.121663175507960908e+00 1.453402751691697858e+00 2.506280614604852630e+00 7.854000362890655174e-01
-6.911242712248122366e-01 5.662261347403877432e-01 -5.757101327531737311e-01 1.728855015241905768e+00 -5.679635953884532018e-01 -8.787572927529369027e-01 2.364180402499759914e+00 7.853988670135541028e-01
7.966666149692290810e-01 1.462524002412579405e+00 -8.160409560784541716e-01 -2.203409927352528372e-02 -7.659629924596254857e-02 8.625643620182679161e-01 2.506282973065263597e+00 7.853970230159598165e-01
2.380001815764281048e+00 -1.470570657227801892e+00 2.358584449572300734e+00 7.591079134516872662e-01 -1.668599890073305003e+00 3.926962980105619838e+00 3.769062703627411803e+00 -2.356190205760378298e+00
7.552715673374291727e-01 1.470633671804367548e+00 -7.828774535165206050e-01 1.540449252110764000e+00 -6.905178283618713941e-02 -6.879302771104670033e-02 2.514124156398133803e+00 7.853862666559683348e-01
-2.344770774239697264e+00 1.679017325282077921e+00 -8.159904912961797319e-01 1.483519784832647348e+00 -7.057710812008334278e-01 1.006902676010994063e-01 2.506289883782718331e+00 7.854055923089857671e-01
2.379981011015851688e+00 -1.470572084269921032e+00 2.358595853841679357e+00 -2.871480136567520700e-02 -6.911448151719892796e-02 6.927206643067640446e-02 2.514125592472481241e+00 7.854045484306262370e-01
7.348673807891897836e-01 5.933343853730281836e-01 5.454755713265543315e-01 1.579532923456342886e+00 -1.019935669356680341e+00 -1.688212304880679637e+00 6.353068229158320701e-01 -2.356198728050767244e+00
7.348679930712657127e-01 5.933344191401459522e-01 5.454768790544031187e-01 4.721122468201892630e+00 -2.121660504418396709e+00 -1.688199428439557170e+00 -6.353081711827968103e-01 7.854006543629623582e-01
-2.379926912961034979e+00 1.671025948853385623e+00 -7.829620375314375602e-01 -2.861178538930222309e-02 6.911608723431393597e-02 -1.640068613816159537e+00 2.514122162312608211e+00 7.853098824169165715e-01
7.616751128082854816e-01 -1.671014513593342077e+00 7.829920697195204005e-01 -3.112964063616140642e+00 6.911574294323652445e-02 1.640069552360472915e+00 -6.274706637385032426e-01 7.853947976804436237e-01
-7.967261229633001429e-01 1.462574503198304843e+00 -2.325583076643251701e+00 2.194081566791827517e-02 7.658216483239765893e-02 -7.082796905012658240e-01 2.506293980531688614e+00 7.854016384191229161e-01
-7.615541703109707239e-01 1.470568735863117871e+00 7.830088234715685269e-01 2.874621095279997554e-02 -6.909325144388166196e-02 -6.926830185974791609e-02 2.514124789648714664e+00 7.854028927497709311e-01
7.855214975029525259e-01 -5.141588280757727891e-02 4.898048860983908459e-02 -1.671121489387845882e+00 -7.841807863128966716e-01 -1.501523422008355313e+00 2.514123029538221310e+00 7.853929372631723860e-01
2.450483511427171912e+00 -5.662232253355048428e-01 5.757179613544187724e-01 -1.728896861458306233e+00 5.679395510868251451e-01 2.262810037291187903e+00 2.364207503830340062e+00 7.853979515810821654e-01
8.801009706107100206e-01 -6.575922710068732302e-01 -4.681142749901267552e-01 4.659178278798238315e-01 -6.561543283811025473e-01 6.920190650921240749e-01 2.364189190260069573e+00 7.853979063761626911e-01
2.379936935344001192e+00 -1.470567513229934065e+00 2.358583555700105805e+00 -2.382447471260765948e+00 -1.472987478460026090e+00 7.853955056525232514e-01 3.769061436676346410e+00 -2.356179500980146724e+00
-7.966990716884129187e-01 1.462557186303532042e+00 -2.325580689498362386e+00 1.503693567170142131e+00 2.282473750749537622e+00 -1.173946585107877860e-01 2.506287948135316856e+00 7.854058104979604327e-01
-2.250626422806496940e+00 6.633252771605536724e-01 4.604865399743514054e-01 -1.558823534529027555e+00 -2.192100590359825851e+00 -3.040912350750832438e+00 2.506284445019169027e+00 7.853953820486911930e-01
-7.966606518851526708e-01 -1.679023130098814764e+00 -8.160162780331242649e-01 1.483371352635636464e+00 7.057626922302524530e-01 -1.671464327391341653e+00 2.506283033179283137e+00 7.853963651004125524e-01
7.855171837026569959e-01 -5.141645185614539953e-02 4.896247757562669639e-02 -5.136254039366015822e-02 -4.902436456367098572e-02 -7.853908050278515240e-01 2.514122751234877384e+00 7.854153554620161293e-01
7.621426696173708715e-01 1.470558911717661399e+00 -7.829998571249842110e-01 -1.594153912285162900e+00 6.911640639289670651e-02 6.928876493427042760e-02 2.514118203093461013e+00 7.854058196229242172e-01
2.344715863797317557e+00 -1.462575812260073382e+00 -8.160291905960159742e-01 -1.503496516986046361e+00 -8.591110407078681455e-01 -1.688213992053153367e+00 3.776898785446173967e+00 -2.356195516450358074e+00
2.344914242897679912e+00 -1.462565436572798472e+00 -8.160127066059952305e-01 -2.199641305270262984e-02 7.657469673630917795e-02 7.082669216790172806e-01 2.506285113955401656e+00 7.853944245579483896e-01
7.612237722782945193e-01 1.470502879829860499e+00 -7.829988449929882188e-01 7.594388451241095295e-01 -1.668614305179395130e+00 -7.861254574237012127e-01 2.514125888725638358e+00 7.853621788995615027e-01
