E_FCI,V_0,V_optimized,Sum_CommSq_0,Sum_CommSq_Optimized,a_opt,b_opt,c_opt
-1.871168059873309364e+00 1.255378311339134245e-01 4.148391902005394566e-02 2.195809088410723420e-01 4.514525744576383323e-04 1.000000000000000000e+00 9.989923813524028695e-01 -1.953271626803044558e+00
-1.871168059873309364e+00 1.252055134260284808e-01 4.148391083726523515e-02 2.190160372110310782e-01 4.514136708977569551e-04 1.000000000000000000e+00 1.000067667735509369e+00 -1.954333326400795157e+00
-1.871168059873309364e+00 1.255870466990403056e-01 2.355938075899169717e-02 2.202030236881228897e-01 1.192905017641539235e-03 1.000000000000000000e+00 9.999852578980112927e-01 -1.948267256687198801e+00
-1.871168059873309364e+00 1.255327268144351138e-01 4.148391081190555552e-02 2.197681334497381123e-01 4.514354539796762563e-04 1.000000000000000000e+00 9.999855315797235855e-01 -1.954251294870435363e+00
-1.871168059873309364e+00 1.255079078974554729e-01 4.148391570736793821e-02 2.196263732226449716e-01 4.514392083264103612e-04 1.000000000000000000e+00 1.000465676071960353e+00 -1.954734532416614101e+00
-1.871168059873309364e+00 1.252912508021251370e-01 4.148391094572213139e-02 2.189999823674926849e-01 4.513968499132694958e-04 1.000000000000000000e+00 1.000096814495042175e+00 -1.954365610162633660e+00
-1.871168059873309364e+00 1.253112748005789923e-01 4.148391080079861376e-02 2.191724503274150582e-01 4.514094335764302392e-04 1.000000000000000000e+00 9.999963894404294562e-01 -1.954264425918050829e+00
-1.871168059873309364e+00 1.253321904373741469e-01 4.148391087948716249e-02 2.195436836770618405e-01 4.514475319618965190e-04 1.000000000000000000e+00 9.999755558745671014e-01 -1.954242782045896520e+00
-1.871168059873309364e+00 1.252427757639511530e-01 4.148391211122422206e-02 2.194550041464948253e-01 4.514427607826994033e-04 1.000000000000000000e+00 9.995958717730490939e-01 -1.953870080020871702e+00
-1.871168059873309364e+00 1.252512141012780966e-01 4.148391080610244058e-02 2.197308721881464366e-01 4.514430113906279097e-04 1.000000000000000000e+00 9.999905275132365823e-01 -1.954253761819157331e+00
