7.750942517973873347e-01 1.446671957095373440e+00 -7.816431363822592404e-01 -1.796363972046233215e-02 3.054870915194555447e+00 1.483712386170725983e+00 2.515171708110177207e+00 7.854035496930629190e-01
7.750465608124129657e-01 1.446735249642655763e+00 -7.816402784157028272e-01 -1.581245639158648464e+00 8.672894621106179425e-02 -1.483720188226031356e+00 2.515174951855803975e+00 7.855440209303644616e-01
-7.750788215739822240e-01 1.446683361571582838e+00 7.815994353371348291e-01 -1.560348504094980715e+00 -8.675688730778638447e-02 8.707152972945197966e-02 2.515178660866089544e+00 7.853745917569436852e-01
6.911845176665162294e-01 5.665766372020367703e-01 5.758013404849552375e-01 4.179116880929370503e-01 -7.065152031654055031e-01 7.853984346349800472e-01 3.925420612134998599e+00 -2.356198100462556511e+00
7.854865324497467549e-01 -6.292715315424049494e-02 6.153645841304607178e-02 -6.279456079830365856e-02 -6.163050603884481088e-02 -7.853969607426392052e-01 3.768017347010224505e+00 3.926997743069169378e+00
6.911960524771413317e-01 5.665865382309566156e-01 5.757879332078931212e-01 4.179157329711360447e-01 -7.065083120243896841e-01 -7.853916239328979643e-01 2.357784691971359869e+00 7.853971365744358835e-01
-6.911848853495489164e-01 5.665804829255011166e-01 -5.758005471977263312e-01 1.728688446164831305e+00 -5.678932162858432164e-01 -8.789225913167026949e-01 2.357782328017751006e+00 7.853970189413924663e-01
7.818559328910862360e-01 1.444422420196474155e+00 -7.879724421296138148e-01 -1.645214715776304598e-02 -8.940709283166779764e-02 8.745333181363227348e-01 2.513711898126486766e+00 7.854034752369427608e-01
3.923406359253935882e+00 -1.444442864493856504e+00 7.879855509500531818e-01 3.158078824296026266e+00 -6.372556782649392737e+00 3.837872360391426430e+00 5.655318250504944189e+00 -5.497783817221669977e+00
7.751584783399568801e-01 1.446646759851928143e+00 -7.816083491042385978e-01 1.560478610663147414e+00 -8.676890024766890919e-02 -8.714101556435119300e-02 2.515167310131848577e+00 7.853678292678987205e-01
-2.359739658452922217e+00 1.697180915529639122e+00 -7.879549421043061663e-01 1.479849797326124872e+00 -6.929174882404371960e-01 1.163413949109759343e-01 2.513713599975248680e+00 7.853973462197534339e-01
2.366424170657535075e+00 -1.446622901242174519e+00 2.360010516697457650e+00 -1.789622207345473864e-02 -8.679301590670154831e-02 8.712756342943650534e-02 2.515156597251226867e+00 7.853830148767290131e-01
6.998916368143409672e-01 5.726890709831889970e-01 5.692160886740370573e-01 1.584275965888186644e+00 -1.000302015548511170e+00 -1.709698646270992439e+00 6.278824141687410210e-01 -2.356192475166927203e+00
6.998901944315232271e-01 5.726983675465978640e-01 5.692058976607422549e-01 4.725866509914724567e+00 -2.141292071874044023e+00 -1.709695221102577989e+00 -6.278818783496921130e-01 7.854035959249318077e-01
-1.570695164288885559e+00 3.143535395035142344e+00 -1.482218018440147445e+00 -9.154381605812035583e-02 7.853480198689936076e-01 -3.144326846719553092e+00 2.510132680908605529e+00 7.853957843440095843e-01
7.751461020848675609e-01 -1.694918309610925933e+00 7.816018432415143824e-01 -3.912929382012500401e+00 1.693625997191243737e+00 7.853514978275869529e-01 2.515166468205229489e+00 7.853956451190279298e-01
-7.827493834097540848e-01 1.444408307033905770e+00 -2.353604501667034832e+00 1.555243220003700751e-02 8.948255423444302636e-02 -6.962529522907728863e-01 2.513706771893140957e+00 7.853955224650552847e-01
-7.751873949282629406e-01 1.446643412561022579e+00 7.816154651578770540e-01 1.786390103020390682e-02 -8.675212105150370556e-02 -8.710888367958680156e-02 2.515162995503172905e+00 7.854614517625757575e-01
7.854625285319430938e-01 -6.293985482222139161e-02 6.154066328289631294e-02 -1.695171318924846071e+00 -7.834974479460349306e-01 -1.483700984804734446e+00 2.515171583759273410e+00 7.854046614017380357e-01
2.450375552451914629e+00 -5.665940074845398078e-01 5.757840806262208844e-01 -1.728673199469497934e+00 5.678812717139242183e-01 2.262680919564970417e+00 2.357819136447130592e+00 7.853944591930248631e-01
8.799122801126599835e-01 -6.572844205508493465e-01 -4.680297333214096245e-01 4.663879794649475330e-01 -6.562048186270843519e-01 -8.789195842589694330e-01 -7.838024294018161031e-01 7.853971982192201606e-01
2.366588763369608106e+00 -1.446710391045348931e+00 2.360027889916599619e+00 -2.370276225573485718e+00 -1.448015810171037421e+00 7.852079369372413353e-01 3.768015222367976591e+00 -2.356031727442700952e+00
-6.912001134620389120e-01 5.665837810199270130e-01 -5.757967789927040947e-01 5.770751378298560885e-01 5.678867818589530270e-01 -8.789104322411892545e-01 2.357792955454468764e+00 7.853983140041292943e-01
-7.818574048792520381e-01 1.444394774857813202e+00 7.879776315884053917e-01 -1.660787248598062593e+00 -8.697857785696582189e-01 -3.002688019930411123e+00 2.513709380257788784e+00 7.854015998979688717e-01
-7.818574170738576967e-01 -1.697195992175364987e+00 -7.879706044744190230e-01 1.479845714770595011e+00 6.929116411087546945e-01 -1.687132326782414093e+00 2.513707837267431522e+00 7.854006715339576505e-01
7.854781622347719594e-01 -6.292881734163970064e-02 6.153461146428464840e-02 -6.281388519208856713e-02 -6.164967248081949791e-02 -7.853979638433640220e-01 2.515167444831047039e+00 7.853999671777137648e-01
7.752073974063610207e-01 1.446665212516338395e+00 -7.815649855959093673e-01 -1.581096784802904720e+00 8.674773412845220022e-02 8.710477736386321168e-02 2.515167207723233211e+00 7.854876522799724148e-01
6.911936171349289948e-01 5.665856435688816362e-01 5.757987210490959074e-01 -5.770780328854367980e-01 -2.573706501633774124e+00 -8.789120687484438532e-01 3.925399609917343380e+00 -2.356194509525497249e+00
2.359755292988383601e+00 -1.444393348263501631e+00 -7.879774903654747087e-01 -1.647574119125867417e-02 8.941837631801159703e-02 6.962424569184161305e-01 2.513710926340602558e+00 7.853988447710964493e-01
7.751359774298870464e-01 1.446667922809505624e+00 -7.816134248378587834e-01 7.713211818573312284e-01 -1.693634626793735443e+00 -7.854418322633358596e-01 2.515167179830448685e+00 7.853863728724114202e-01
