7.854723037098296778e-01 -6.293404100194327500e-02 6.153101713154344315e-02 -6.281782293883923785e-02 -6.164840591703191208e-02 7.854002796923429397e-01 2.515164457271935383e+00 7.848941001645624027e-01
7.854780899882101153e-01 -6.292724175263142428e-02 6.153426991806607710e-02 -6.281347363835071418e-02 -6.165138553068739979e-02 7.853986465615521162e-01 2.515167192269032181e+00 7.854319961204981881e-01
7.806583352554152810e-01 -6.503830424640098806e-02 6.301767125612418863e-02 -6.624575739659475104e-01 4.683672265998443662e-01 -9.207481230257842375e-01 2.513709603473751830e+00 7.853907922921212759e-01
-7.854789302446019139e-01 -6.292455855042841661e-02 -6.153064272931286355e-02 6.281458705035156131e-02 -6.165185187311868903e-02 -7.854033200517888114e-01 2.515166761508613291e+00 7.853909291349761013e-01
7.854387324007681137e-01 -6.298363224692676843e-02 6.154278823527335740e-02 -6.277197417690455472e-02 -6.160069853169253956e-02 -7.853571437347747208e-01 2.515170167880899754e+00 7.856309472282927420e-01
-7.854694844493721462e-01 -6.292324282123934465e-02 -6.153861255306772304e-02 6.281143905009602124e-02 -6.165266160168607346e-02 7.853994733944824613e-01 2.515168116288077460e+00 7.854465683017833877e-01
7.854784082961709935e-01 -6.292728707050956882e-02 6.153391320226902356e-02 -6.281382201818082323e-02 -6.165162444957481003e-02 7.853985127769141927e-01 2.515167374308712400e+00 7.853963581144040029e-01
7.854798367185686914e-01 -6.293342973975121768e-02 6.153989169279212856e-02 -6.280448814346788200e-02 -6.163767256748464707e-02 -7.853990529718010150e-01 2.515167061570401152e+00 7.853859411853518768e-01
-7.854792542452565529e-01 -6.292395239881601321e-02 -6.153249400622173154e-02 6.281327986789794759e-02 -6.165015591490128483e-02 7.853968177760660696e-01 2.515166638668082211e+00 7.851960584485667693e-01
-7.854767452313222709e-01 -6.292626090652191084e-02 -6.153316703043645863e-02 6.281272008955322839e-02 -6.165073746024084256e-02 -7.853955427449458293e-01 2.515166174664207777e+00 7.853934271316345139e-01
